0 0.547 0.164 0.076 0.0475
0 0.7863333333333333 0.299 0.06266666666666666 0.0485
0 0.7951666666666667 0.3335 0.057666666666666665 0.0425
0 0.836 0.353875 0.064 0.04975
0 0.7246666666666667 0.321625 0.064 0.04725
0 0.6556666666666666 0.35875 0.05733333333333333 0.0495
0 0.5391666666666667 0.37125 0.065 0.0425
0 0.5986666666666667 0.409625 0.06733333333333333 0.05575
0 0.7881666666666667 0.426375 0.07166666666666667 0.04525
0 0.8641666666666666 0.469 0.057 0.051
0 0.625 0.6015 0.058 0.0395
0 0.6638333333333334 0.628625 0.06166666666666667 0.04525
0 0.38466666666666666 0.779375 0.06933333333333333 0.05325
0 0.2535 0.76025 0.069 0.0565
0 0.0575 0.484375 0.06633333333333333 0.04925
0 0.23916666666666667 0.447125 0.05433333333333333 0.04675
1 0.21083333333333334 0.548125 0.060333333333333336 0.04775
1 0.7291666666666666 0.37075 0.052333333333333336 0.0375
1 0.14116666666666666 0.40775 0.10033333333333333 0.0665