0 0.0975 0.49125 0.06233333333333333 0.046
0 0.03716666666666667 0.38225 0.06366666666666666 0.041
0 0.19916666666666666 0.33375 0.089 0.0385
0 0.35 0.417375 0.06133333333333333 0.04375
0 0.426 0.417875 0.07333333333333333 0.04275
0 0.3115 0.63475 0.061 0.0535
0 0.326 0.575875 0.05733333333333333 0.04475
0 0.5555 0.67375 0.06166666666666667 0.0415
0 0.655 0.7215 0.072 0.049
0 0.5103333333333333 0.303125 0.074 0.05275
0 0.5758333333333333 0.299625 0.059 0.05675
1 0.2275 0.306625 0.045 0.03225
1 0.2365 0.3625 0.057666666666666665 0.043
1 0.20766666666666667 0.453625 0.054 0.04325
1 0.15066666666666667 0.488375 0.050666666666666665 0.04025
1 0.6826666666666666 0.517375 0.06 0.04475