0 0.30233333333333334 0.243625 0.082 0.04625
0 0.6065 0.192375 0.07166666666666667 0.03975
0 0.7848333333333334 0.26275 0.060333333333333336 0.0455
0 0.8456666666666667 0.359375 0.07666666666666666 0.04475
0 0.5888333333333333 0.3875 0.05633333333333333 0.0365
0 0.27566666666666667 0.360125 0.07666666666666666 0.05375
0 0.06416666666666666 0.46075 0.07433333333333333 0.0505
0 0.24616666666666667 0.705125 0.05566666666666667 0.04125
0 0.2785 0.726875 0.051 0.03875
0 0.31666666666666665 0.710625 0.050666666666666665 0.03975
1 0.6206666666666667 0.635 0.059333333333333335 0.0425