0 0.16933333333333334 0.26075 0.09 0.067
0 0.471 0.268125 0.078 0.05975
0 0.5571666666666667 0.2955 0.12633333333333333 0.0685
0 0.44616666666666666 0.419125 0.07366666666666667 0.05425
0 0.4805 0.536625 0.06633333333333333 0.05375
0 0.5423333333333333 0.584875 0.07133333333333333 0.05575
0 0.4513333333333333 0.704125 0.07133333333333333 0.05775
0 0.406 0.681875 0.06533333333333333 0.06175
1 0.43333333333333335 0.79075 0.066 0.051
1 0.37933333333333336 0.583 0.059333333333333335 0.0435
1 0.354 0.526375 0.072 0.05875
1 0.5093333333333333 0.42625 0.06133333333333333 0.048
1 0.568 0.645875 0.05733333333333333 0.04225