0 0.1305 0.589 0.09233333333333334 0.079
0 0.17583333333333334 0.520125 0.09766666666666667 0.05175
0 0.23166666666666666 0.532375 0.08066666666666666 0.05875
0 0.2915 0.6145 0.08833333333333333 0.058
0 0.3345 0.661375 0.07833333333333334 0.05275
0 0.4003333333333333 0.7015 0.092 0.0715
0 0.33816666666666667 0.553125 0.07833333333333334 0.04825
0 0.415 0.620625 0.11266666666666666 0.04925
0 0.5471666666666667 0.680625 0.06366666666666666 0.05175
0 0.5041666666666667 0.60025 0.05633333333333333 0.0705
0 0.43866666666666665 0.45175 0.062 0.043
0 0.6135 0.6685 0.07366666666666667 0.0535
0 0.6658333333333334 0.647875 0.10233333333333333 0.04825
0 0.6705 0.6075 0.079 0.043
0 0.7785 0.569875 0.103 0.07325
0 0.712 0.533125 0.08466666666666667 0.05125
0 0.6343333333333333 0.522125 0.08466666666666667 0.05125
0 0.5525 0.516875 0.079 0.05825
0 0.7018333333333333 0.480875 0.08166666666666667 0.05575
0 0.7415 0.454625 0.069 0.05125
0 0.8463333333333334 0.455 0.09133333333333334 0.0575
0 0.8211666666666667 0.40025 0.10166666666666667 0.0635
0 0.874 0.38025 0.08133333333333333 0.058
0 0.6921666666666667 0.415125 0.099 0.04525
0 0.22433333333333333 0.384625 0.07333333333333333 0.05075
0 0.30233333333333334 0.395625 0.09 0.05075
0 0.391 0.424125 0.07333333333333333 0.04725
0 0.33866666666666667 0.340375 0.09 0.07025
0 0.7628333333333334 0.293625 0.093 0.06725
0 0.746 0.243625 0.10333333333333333 0.05825
0 0.6623333333333333 0.241875 0.07666666666666666 0.06625
0 0.6056666666666667 0.223 0.07533333333333334 0.067