0 0.03933333333333333 0.3825 0.06666666666666667 0.0485
0 0.19266666666666668 0.597125 0.08133333333333333 0.05375
0 0.3065 0.747625 0.07033333333333333 0.04925
0 0.527 0.6245 0.052 0.049
0 0.5265 0.577875 0.060333333333333336 0.04775
0 0.6376666666666667 0.59175 0.06466666666666666 0.046
0 0.6071666666666666 0.538875 0.091 0.05225
0 0.8233333333333334 0.380125 0.084 0.04675
0 0.5603333333333333 0.436125 0.06866666666666667 0.04625
0 0.6155 0.46925 0.07033333333333333 0.0575
1 0.5518333333333333 0.512 0.045 0.0325