0 0.2638333333333333 0.275875 0.07966666666666666 0.05625
0 0.107 0.319375 0.06733333333333333 0.05225
0 0.16433333333333333 0.328 0.056666666666666664 0.0485
0 0.095 0.42775 0.064 0.05
0 0.161 0.448375 0.09066666666666667 0.06025
0 0.38533333333333336 0.4995 0.088 0.0515
0 0.4766666666666667 0.46625 0.074 0.0615
0 0.36733333333333335 0.6365 0.07533333333333334 0.0575
0 0.4885 0.66325 0.07433333333333333 0.05
0 0.49366666666666664 0.58325 0.06133333333333333 0.053
0 0.65 0.687375 0.058666666666666666 0.04775
0 0.8491666666666666 0.51175 0.09366666666666666 0.0635
0 0.5681666666666667 0.296 0.07566666666666666 0.0575