0 0.32816666666666666 0.16725 0.07833333333333334 0.051
0 0.514 0.25 0.06533333333333333 0.0465
0 0.36333333333333334 0.2855 0.06933333333333333 0.0545
0 0.6928333333333333 0.3075 0.06566666666666666 0.045
0 0.8338333333333333 0.311375 0.060333333333333336 0.04975
0 0.1935 0.526625 0.06966666666666667 0.06525
1 0.21716666666666667 0.653125 0.06633333333333333 0.04925
1 0.4335 0.528875 0.06633333333333333 0.04725
1 0.5986666666666667 0.527 0.06 0.0455
1 0.24633333333333332 0.49825 0.07066666666666667 0.0485
0 0.3335 0.656375 0.07633333333333334 0.06025
0 0.25316666666666665 0.5405 0.05633333333333333 0.041