0 0.4975 0.2 0.061 0.052
0 0.5326666666666666 0.1655 0.076 0.0555
0 0.6046666666666667 0.164 0.07533333333333334 0.0565
0 0.09966666666666667 0.511375 0.086 0.04525
0 0.13933333333333334 0.555625 0.06533333333333333 0.05175
0 0.3581666666666667 0.653375 0.07566666666666666 0.04375
0 0.3571666666666667 0.7195 0.071 0.0585
0 0.468 0.75175 0.06933333333333333 0.049
0 0.4688333333333333 0.555375 0.057666666666666665 0.05875
1 0.6853333333333333 0.202625 0.06733333333333333 0.04625
1 0.3461666666666667 0.4765 0.08433333333333333 0.062
1 0.582 0.55075 0.07 0.052
1 0.5951666666666666 0.75125 0.07166666666666667 0.0545
1 0.495 0.6935 0.06866666666666667 0.0535
1 0.5673333333333334 0.71525 0.058666666666666666 0.0455