0 0.39166666666666666 0.2325 0.07 0.049
0 0.699 0.29375 0.08733333333333333 0.049
0 0.6873333333333334 0.366625 0.074 0.05125
0 0.23416666666666666 0.489875 0.06566666666666666 0.05425
1 0.224 0.70975 0.08066666666666666 0.0595
1 0.20316666666666666 0.628875 0.09166666666666666 0.06475
1 0.30133333333333334 0.565625 0.06333333333333334 0.04625
1 0.2285 0.535875 0.07166666666666667 0.04625
1 0.66 0.52175 0.092 0.0775
1 0.43766666666666665 0.43025 0.07866666666666666 0.06
1 0.8536666666666667 0.496375 0.074 0.05025