0 0.22916666666666666 0.42926954732510286 0.2908950617283951 0.38940329218106995
1 0.8871527777777778 0.12782921810699588 0.1570216049382716 0.14660493827160495
0 0.09124228395061729 0.5964506172839507 0.10609567901234568 0.2021604938271605
0 0.20698302469135801 0.7119341563786008 0.13387345679012347 0.19135802469135801
0 0.609375 0.6898148148148148 0.1284722222222222 0.18724279835390947
0 0.8443287037037037 0.5576131687242798 0.1076388888888889 0.18724279835390947
0 0.9268904320987654 0.43930041152263377 0.12692901234567902 0.21502057613168724
0 0.8566743827160493 0.27649176954732513 0.12384259259259259 0.1507201646090535
1 0.2663966049382716 0.20833333333333334 0.08834876543209877 0.10493827160493827
1 0.3584104938271605 0.20730452674897118 0.11651234567901235 0.1800411522633745
1 0.4739583333333333 0.6885288065843621 0.08449074074074074 0.11368312757201646
1 0.28877314814814814 0.8801440329218106 0.11072530864197531 0.1286008230452675
1 0.7839506172839507 0.11702674897119342 0.043209876543209874 0.09207818930041152
1 0.11207561728395062 0.25488683127572015 0.10609567901234568 0.13631687242798354