1 0.5009645061728395 0.7034465020576132 0.16242283950617284 0.17746913580246915
0 0.21720679012345678 0.5028292181069959 0.18209876543209877 0.2381687242798354
0 0.35378086419753085 0.375 0.16358024691358025 0.31995884773662553
0 0.4376929012345679 0.5444958847736625 0.18016975308641975 0.3461934156378601
0 0.5414737654320988 0.4184670781893004 0.14853395061728394 0.14454732510288065
0 0.675733024691358 0.40149176954732513 0.12924382716049382 0.22890946502057613
0 0.611304012345679 0.26800411522633744 0.13387345679012347 0.16049382716049382
1 0.15084876543209877 0.16589506172839505 0.11265432098765432 0.14146090534979425
1 0.14351851851851852 0.32073045267489714 0.10108024691358025 0.13425925925925927
1 0.3121141975308642 0.17669753086419754 0.06944444444444445 0.08076131687242798
1 0.3306327160493827 0.599022633744856 0.1095679012345679 0.14660493827160495
1 0.7804783950617284 0.8058127572016461 0.11496913580246913 0.1661522633744856
1 0.785108024691358 0.6304012345679012 0.0787037037037037 0.07973251028806584
1 0.7494212962962963 0.32664609053497945 0.13155864197530864 0.14609053497942387
1 0.4691358024691358 0.3323045267489712 0.08256172839506173 0.09876543209876543
1 0.4635416666666667 0.14660493827160495 0.13155864197530864 0.09465020576131687