0 0.22569444444444445 0.783179012345679 0.14737654320987653 0.169238683127572
0 0.41280864197530864 0.3986625514403292 0.12268518518518519 0.15946502057613168
0 0.5115740740740741 0.4645061728395062 0.1095679012345679 0.14506172839506173
0 0.5021219135802469 0.3125 0.12075617283950617 0.16203703703703703
0 0.7301311728395061 0.21450617283950618 0.13078703703703703 0.15637860082304528
0 0.9328703703703703 0.6574074074074074 0.12808641975308643 0.1522633744855967
0 0.8875385802469136 0.5087448559670782 0.13233024691358025 0.18106995884773663
0 0.6404320987654321 0.49948559670781895 0.11959876543209877 0.15329218106995884
0 0.29899691358024694 0.4825102880658436 0.1381172839506173 0.22839506172839505
1 0.3246527777777778 0.29989711934156377 0.09760802469135803 0.11316872427983539
1 0.3107638888888889 0.690843621399177 0.1076388888888889 0.1337448559670782
1 0.6136188271604939 0.3150720164609053 0.10841049382716049 0.15689300411522633
1 0.7403549382716049 0.42746913580246915 0.11496913580246913 0.14814814814814814
1 0.7698688271604939 0.8631687242798354 0.06983024691358025 0.11625514403292181
1 0.39737654320987653 0.9050925925925926 0.0779320987654321 0.11676954732510288
1 0.5391589506172839 0.7235082304526749 0.13618827160493827 0.08281893004115226
1 0.578125 0.6473765432098766 0.08371913580246913 0.08384773662551441
1 0.49614197530864196 0.6404320987654321 0.08179012345679013 0.1183127572016461
1 0.5731095679012346 0.8577674897119342 0.09683641975308642 0.12911522633744857
1 0.07908950617283951 0.8891460905349794 0.0787037037037037 0.08076131687242798
1 0.4253472222222222 0.5643004115226338 0.11998456790123457 0.19753086419753085