1 0.5509259259259259 0.06095679012345679 0.08641975308641975 0.12088477366255145
1 0.625 0.12654320987654322 0.08796296296296297 0.08847736625514403
1 0.13233024691358025 0.6352880658436214 0.1396604938271605 0.18415637860082304
0 0.1111111111111111 0.4861111111111111 0.1404320987654321 0.13477366255144033
0 0.24344135802469136 0.42386831275720166 0.10570987654320987 0.15020576131687244
0 0.2974537037037037 0.5339506172839507 0.12268518518518519 0.15020576131687244
0 0.404320987654321 0.5961934156378601 0.1111111111111111 0.15123456790123457
0 0.46026234567901236 0.5015432098765432 0.16280864197530864 0.1183127572016461
0 0.5239197530864198 0.37397119341563784 0.125 0.14506172839506173
0 0.46064814814814814 0.23919753086419754 0.1111111111111111 0.14300411522633744
0 0.3148148148148148 0.25925925925925924 0.11882716049382716 0.16666666666666666
0 0.660108024691358 0.3425925925925926 0.11959876543209877 0.1728395061728395
0 0.7669753086419753 0.4002057613168724 0.125 0.13580246913580246
0 0.6277006172839507 0.9002057613168725 0.1257716049382716 0.16255144032921812
0 0.8695987654320988 0.7438271604938271 0.13425925925925927 0.1522633744855967
0 0.8989197530864198 0.38271604938271603 0.1419753086419753 0.19135802469135801
0 0.9047067901234568 0.22839506172839505 0.11959876543209877 0.12757201646090535
1 0.09837962962962964 0.3533950617283951 0.08024691358024691 0.16152263374485595
1 0.4077932098765432 0.7788065843621399 0.12345679012345678 0.1522633744855967
1 0.46026234567901236 0.8955761316872428 0.11574074074074074 0.16563786008230452
1 0.8202160493827161 0.0684156378600823 0.11959876543209877 0.13477366255144033
1 0.5721450617283951 0.24537037037037038 0.11265432098765432 0.15123456790123457
1 0.4012345679012346 0.38425925925925924 0.15200617283950618 0.18209876543209877