0 0.13657407407407407 0.23996913580246915 0.10416666666666667 0.13734567901234568
0 0.7872299382716049 0.3117283950617284 0.1091820987654321 0.15432098765432098
0 0.35320216049382713 0.4567901234567901 0.08989197530864197 0.11522633744855967
0 0.4535108024691358 0.44573045267489714 0.09529320987654322 0.1712962962962963
0 0.5081018518518519 0.48148148148148145 0.11188271604938271 0.15432098765432098
1 0.15200617283950618 0.8176440329218106 0.12191358024691358 0.1476337448559671
1 0.13271604938271606 0.12242798353909465 0.06790123456790123 0.08024691358024691
1 0.047839506172839504 0.2767489711934156 0.06790123456790123 0.09465020576131687
1 0.17457561728395063 0.4207818930041152 0.07214506172839506 0.08024691358024691
1 0.10513117283950617 0.3734567901234568 0.06442901234567901 0.0823045267489712
1 0.5345293209876543 0.8153292181069959 0.06674382716049383 0.0874485596707819
1 0.6078317901234568 0.8811728395061729 0.06442901234567901 0.08539094650205761
1 0.638695987654321 0.8179012345679012 0.056712962962962965 0.09259259259259259
1 0.5841049382716049 0.6386316872427984 0.08101851851851852 0.08076131687242798
1 0.6927083333333334 0.338477366255144 0.06674382716049383 0.09465020576131687
1 0.7378472222222222 0.4251543209876543 0.06674382716049383 0.09927983539094651
1 0.8503086419753086 0.4045781893004115 0.07330246913580248 0.09927983539094651
1 0.6136188271604939 0.12139917695473251 0.08371913580246913 0.102880658436214
1 0.6817129629629629 0.17824074074074073 0.09645061728395062 0.12705761316872427
1 0.7827932098765432 0.1087962962962963 0.07716049382716049 0.10133744855967078
1 0.8483796296296297 0.18569958847736626 0.11033950617283951 0.1388888888888889
1 0.7255015432098766 0.2631172839506173 0.07600308641975309 0.09104938271604938
1 0.6057098765432098 0.4897119341563786 0.06481481481481481 0.09259259259259259
1 0.6624228395061729 0.46219135802469136 0.05401234567901234 0.08590534979423868
1 0.6263503086419753 0.4148662551440329 0.06983024691358025 0.07561728395061729
1 0.4581404320987654 0.3140432098765432 0.06674382716049383 0.07458847736625514
1 0.3948688271604938 0.6450617283950617 0.059027777777777776 0.07304526748971193
1 0.3119212962962963 0.5859053497942387 0.050540123456790126 0.0720164609053498
1 0.3586033950617284 0.6021090534979424 0.056712962962962965 0.07458847736625514
1 0.4564043209876543 0.6787551440329218 0.05709876543209876 0.07150205761316872
1 0.43132716049382713 0.7296810699588477 0.06095679012345679 0.06532921810699588
1 0.5711805555555556 0.566358024691358 0.053626543209876545 0.07098765432098765
1 0.6820987654320988 0.9323559670781894 0.06018518518518518 0.0787037037037037
1 0.44135802469135804 0.9192386831275721 0.11342592592592593 0.09362139917695474