0 0.4702932098765432 0.35905349794238683 0.10802469135802469 0.1522633744855967
0 0.33468364197530864 0.44573045267489714 0.09143518518518519 0.1507201646090535
0 0.4548611111111111 0.474022633744856 0.09027777777777778 0.1352880658436214
0 0.6136188271604939 0.5416666666666666 0.09375 0.12345679012345678
0 0.683641975308642 0.4688786008230453 0.10030864197530864 0.125
0 0.6902006172839507 0.595679012345679 0.12114197530864197 0.12551440329218108
0 0.6429398148148148 0.7510288065843621 0.14621913580246915 0.205761316872428
0 0.47685185185185186 0.8768004115226338 0.08487654320987655 0.125
0 0.22337962962962962 0.7217078189300411 0.12345679012345678 0.147119341563786
1 0.8638117283950617 0.36419753086419754 0.06944444444444445 0.0874485596707819
1 0.08506944444444445 0.21244855967078188 0.06828703703703703 0.09259259259259259
1 0.061921296296296294 0.42772633744855965 0.07060185185185185 0.09104938271604938
1 0.24324845679012347 0.6033950617283951 0.0628858024691358 0.11625514403292181
1 0.12962962962962962 0.706275720164609 0.06172839506172839 0.09259259259259259
1 0.32426697530864196 0.6162551440329218 0.10686728395061729 0.1183127572016461
1 0.3460648148148148 0.7258230452674898 0.11959876543209877 0.15946502057613168
1 0.3950617283950617 0.647119341563786 0.05787037037037037 0.08024691358024691
1 0.4027777777777778 0.8271604938271605 0.10648148148148148 0.1388888888888889
1 0.5758101851851852 0.21862139917695472 0.1261574074074074 0.1388888888888889
1 0.6381172839506173 0.1396604938271605 0.1427469135802469 0.1455761316872428
1 0.5545910493827161 0.08127572016460906 0.16087962962962962 0.15637860082304528
1 0.46315586419753085 0.0573559670781893 0.0628858024691358 0.09104938271604938
1 0.7775848765432098 0.1712962962962963 0.11844135802469136 0.1779835390946502
1 0.7455632716049383 0.36059670781893005 0.06674382716049383 0.10802469135802469
1 0.7943672839506173 0.382201646090535 0.05632716049382716 0.08539094650205761
1 0.043209876543209874 0.31867283950617287 0.08487654320987655 0.1404320987654321
1 0.8586033950617284 0.8366769547325102 0.09529320987654322 0.1404320987654321
1 0.48996913580246915 0.7618312757201646 0.07484567901234568 0.10905349794238683
1 0.4444444444444444 0.2605452674897119 0.07330246913580248 0.08384773662551441
1 0.39544753086419754 0.2309670781893004 0.05632716049382716 0.08847736625514403
1 0.4791666666666667 0.15406378600823045 0.08873456790123457 0.09516460905349794