0 0.2542438271604938 0.26697530864197533 0.08101851851851852 0.15432098765432098
0 0.32349537037037035 0.19084362139917696 0.09837962962962964 0.10493827160493827
0 0.3454861111111111 0.30246913580246915 0.09683641975308642 0.13786008230452676
0 0.29899691358024694 0.3680555555555556 0.11419753086419752 0.10751028806584362
0 0.21122685185185186 0.7579732510288066 0.1099537037037037 0.13940329218106995
0 0.2486496913580247 0.9531893004115226 0.11226851851851852 0.09362139917695474
0 0.6466049382716049 0.8366769547325102 0.11342592592592593 0.13117283950617284
0 0.7521219135802469 0.772119341563786 0.09297839506172839 0.14917695473251028
0 0.8161651234567902 0.6967592592592593 0.09529320987654322 0.1404320987654321
0 0.8784722222222222 0.7085905349794238 0.08564814814814815 0.17335390946502058
0 0.9461805555555556 0.6388888888888888 0.09220679012345678 0.12345679012345678
0 0.8647762345679012 0.5650720164609053 0.09760802469135803 0.13117283950617284
0 0.9234182098765432 0.5015432098765432 0.09992283950617284 0.147119341563786
0 0.7835648148148148 0.5570987654320988 0.08950617283950617 0.1574074074074074
0 0.8067129629629629 0.4390432098765432 0.11419753086419752 0.11882716049382716
0 0.5729166666666666 0.5378086419753086 0.14737654320987653 0.125
0 0.5734953703703703 0.43004115226337447 0.09606481481481481 0.11522633744855967
0 0.6676311728395061 0.43261316872427985 0.10146604938271606 0.11625514403292181
0 0.6722608024691358 0.3271604938271605 0.10146604938271606 0.13477366255144033
0 0.5289351851851852 0.30349794238683125 0.09876543209876543 0.14814814814814814
0 0.45621141975308643 0.3125 0.09297839506172839 0.14454732510288065
0 0.4506172839506173 0.43775720164609055 0.1404320987654321 0.15843621399176955
0 0.4184027777777778 0.5738168724279835 0.10223765432098765 0.11368312757201646
0 0.4419367283950617 0.08076131687242798 0.09606481481481481 0.16049382716049382
0 0.5607638888888888 0.06995884773662552 0.1246141975308642 0.13477366255144033
1 0.6911651234567902 0.13991769547325103 0.09375 0.10596707818930041
1 0.7750771604938271 0.18338477366255143 0.08024691358024691 0.08590534979423868