0 0.7312885802469136 0.1507201646090535 0.11072530864197531 0.12345679012345678
0 0.7229938271604939 0.25617283950617287 0.13734567901234568 0.12551440329218108
0 0.6817129629629629 0.3924897119341564 0.10416666666666667 0.14094650205761317
0 0.35262345679012347 0.5733024691358025 0.11419753086419752 0.18364197530864199
0 0.4747299382716049 0.592335390946502 0.11458333333333333 0.13220164609053497
0 0.7640817901234568 0.6275720164609053 0.11689814814814815 0.15432098765432098
0 0.4054783950617284 0.63940329218107 0.11188271604938271 0.09979423868312758
1 0.5212191358024691 0.6445473251028807 0.11959876543209877 0.15123456790123457
0 0.6709104938271605 0.8132716049382716 0.09799382716049383 0.1286008230452675
1 0.10185185185185185 0.5681584362139918 0.07098765432098765 0.09104938271604938
1 0.21180555555555555 0.7654320987654321 0.10030864197530864 0.10802469135802469
1 0.08892746913580248 0.7559156378600823 0.055169753086419755 0.0684156378600823
1 0.20852623456790123 0.6676954732510288 0.055169753086419755 0.06995884773662552
1 0.2633101851851852 0.5406378600823045 0.11072530864197531 0.1286008230452675
1 0.9230324074074074 0.8341049382716049 0.07214506172839506 0.10133744855967078
1 0.8279320987654321 0.5030864197530864 0.06944444444444445 0.12551440329218108
1 0.8472222222222222 0.33487654320987653 0.07716049382716049 0.1183127572016461
1 0.6612654320987654 0.29218106995884774 0.05092592592592592 0.0668724279835391
1 0.6826774691358025 0.5702160493827161 0.07908950617283951 0.1044238683127572
1 0.6630015432098766 0.654835390946502 0.10686728395061729 0.15946502057613168
1 0.3680555555555556 0.7440843621399177 0.10185185185185185 0.10648148148148148