1 0.15895061728395063 0.6887860082304527 0.12037037037037036 0.16152263374485595
1 0.5123456790123457 0.8184156378600823 0.13271604938271606 0.19032921810699588
1 0.6157407407407407 0.8575102880658436 0.15123456790123457 0.24794238683127573
1 0.2326388888888889 0.30092592592592593 0.0933641975308642 0.13477366255144033
0 0.0787037037037037 0.6301440329218106 0.1111111111111111 0.2397119341563786
0 0.24266975308641975 0.8647119341563786 0.11805555555555555 0.13271604938271606
0 0.46412037037037035 0.5529835390946503 0.11342592592592593 0.1368312757201646
0 0.45447530864197533 0.7124485596707819 0.12191358024691358 0.18209876543209877
0 0.589891975308642 0.46399176954732513 0.11805555555555555 0.16872427983539096
0 0.8055555555555556 0.5421810699588477 0.1111111111111111 0.16666666666666666
0 0.3298611111111111 0.26697530864197533 0.12114197530864197 0.14506172839506173
0 0.4158950617283951 0.20113168724279834 0.10339506172839506 0.1368312757201646
0 0.5204475308641975 0.1779835390946502 0.11188271604938271 0.19958847736625515
0 0.5478395061728395 0.30709876543209874 0.12191358024691358 0.14094650205761317
1 0.2916666666666667 0.4182098765432099 0.10570987654320987 0.15534979423868311
1 0.36612654320987653 0.5200617283950617 0.11882716049382716 0.12654320987654322
1 0.5050154320987654 0.43364197530864196 0.09567901234567901 0.1286008230452675
1 0.7422839506172839 0.7968106995884774 0.0625 0.12242798353909465