0 0.42746913580246915 0.40329218106995884 0.2716049382716049 0.26851851851851855
0 0.24286265432098766 0.2700617283950617 0.11149691358024691 0.1779835390946502
0 0.4054783950617284 0.6026234567901234 0.14737654320987653 0.1558641975308642
0 0.3020833333333333 0.6990740740740741 0.11188271604938271 0.18724279835390947
0 0.8092206790123457 0.8132716049382716 0.11149691358024691 0.1800411522633745
0 0.8510802469135802 0.12602880658436214 0.12962962962962962 0.1728395061728395
1 0.8499228395061729 0.330761316872428 0.11574074074074074 0.14506172839506173
1 0.1711033950617284 0.16358024691358025 0.14467592592592593 0.19650205761316872
1 0.0920138888888889 0.5779320987654321 0.10455246913580248 0.13631687242798354
1 0.6822916666666666 0.9084362139917695 0.09220679012345678 0.12139917695473251
1 0.21045524691358025 0.9223251028806584 0.16010802469135801 0.12654320987654322