0 0.7573302469135802 0.12705761316872427 0.11574074074074074 0.16666666666666666
0 0.5923996913580247 0.13605967078189302 0.13233024691358025 0.14660493827160495
0 0.7309027777777778 0.3140432098765432 0.13541666666666666 0.1712962962962963
0 0.2596450617283951 0.5408950617283951 0.13657407407407407 0.17541152263374485
0 0.47627314814814814 0.49871399176954734 0.13618827160493827 0.19393004115226337
0 0.3497299382716049 0.7121913580246914 0.13541666666666666 0.17849794238683128
1 0.6662808641975309 0.7932098765432098 0.16512345679012347 0.2037037037037037
1 0.7716049382716049 0.45627572016460904 0.11574074074074074 0.13271604938271606
1 0.41473765432098764 0.3577674897119342 0.10030864197530864 0.1301440329218107
1 0.3331404320987654 0.044238683127572016 0.053626543209876545 0.08333333333333333
1 0.8564814814814815 0.9138374485596708 0.10185185185185185 0.13631687242798354
1 0.5623070987654321 0.8845164609053497 0.08526234567901235 0.0941358024691358
1 0.46489197530864196 0.7770061728395061 0.11342592592592593 0.125