1 0.642554012345679 0.4035493827160494 0.22183641975308643 0.279320987654321
0 0.7768132716049383 0.1352880658436214 0.1099537037037037 0.13580246913580246
0 0.12307098765432099 0.4567901234567901 0.11419753086419752 0.16152263374485595
0 0.7918595679012346 0.6725823045267489 0.12692901234567902 0.16718106995884774
1 0.4338348765432099 0.3029835390946502 0.10069444444444445 0.147119341563786
1 0.19753086419753085 0.8798868312757202 0.10185185185185185 0.125
1 0.09972993827160494 0.8477366255144033 0.1076388888888889 0.13786008230452676
1 0.17631172839506173 0.7708333333333334 0.08410493827160494 0.11574074074074074
1 0.2181712962962963 0.6934156378600823 0.11844135802469136 0.11934156378600823
1 0.30150462962962965 0.5905349794238683 0.10069444444444445 0.13065843621399176
1 0.19695216049382716 0.06584362139917696 0.11149691358024691 0.1286008230452675
1 0.5190972222222222 0.6944444444444444 0.10609567901234568 0.14300411522633744
1 0.6020447530864198 0.6154835390946503 0.09220679012345678 0.10648148148148148
1 0.9147376543209876 0.8284465020576132 0.11188271604938271 0.17644032921810698
1 0.9010416666666666 0.6658950617283951 0.07291666666666667 0.09722222222222222
1 0.06674382716049383 0.34079218106995884 0.07175925925925926 0.09002057613168725