1 0.3742283950617284 0.9542181069958847 0.08101851851851852 0.09156378600823045
1 0.9425154320987654 0.8600823045267489 0.08333333333333333 0.10493827160493827
1 0.3140432098765432 0.19393004115226337 0.09645061728395062 0.12242798353909465
1 0.7434413580246914 0.345679012345679 0.09567901234567901 0.10699588477366255
0 0.8580246913580247 0.2803497942386831 0.13657407407407407 0.16358024691358025
0 0.7303240740740741 0.22685185185185186 0.13117283950617284 0.15329218106995884
0 0.623070987654321 0.28703703703703703 0.13271604938271606 0.16049382716049382
0 0.501929012345679 0.2361111111111111 0.12962962962962962 0.16152263374485595
0 0.43441358024691357 0.3713991769547325 0.12268518518518519 0.16666666666666666
0 0.3603395061728395 0.26851851851851855 0.15200617283950618 0.18930041152263374
0 0.21257716049382716 0.3914609053497942 0.12345679012345678 0.14917695473251028
0 0.12924382716049382 0.5509259259259259 0.14351851851851852 0.19855967078189302
0 0.3368055555555556 0.5720164609053497 0.11574074074074074 0.1646090534979424
0 0.12422839506172839 0.7314814814814815 0.12885802469135801 0.16049382716049382
0 0.2503858024691358 0.7391975308641975 0.125 0.16769547325102882
0 0.1743827160493827 0.8559670781893004 0.11805555555555555 0.17078189300411523
0 0.36226851851851855 0.720679012345679 0.10648148148148148 0.14506172839506173
0 0.4880401234567901 0.7258230452674898 0.14814814814814814 0.17592592592592593
0 0.47955246913580246 0.5751028806584362 0.13425925925925927 0.14814814814814814
0 0.6072530864197531 0.5473251028806584 0.12114197530864197 0.1748971193415638
0 0.6793981481481481 0.455761316872428 0.13425925925925927 0.16666666666666666
1 0.27816358024691357 0.8832304526748971 0.10339506172839506 0.10185185185185185
1 0.964891975308642 0.386059670781893 0.07021604938271606 0.10030864197530864