0 0.061535493827160496 0.5954218106995884 0.11844135802469136 0.20421810699588477
0 0.2179783950617284 0.5401234567901234 0.22993827160493827 0.2294238683127572
0 0.42959104938271603 0.5375514403292181 0.14621913580246915 0.21707818930041153
0 0.6375385802469136 0.7597736625514403 0.11844135802469136 0.16152263374485595
0 0.503858024691358 0.09490740740740741 0.1404320987654321 0.125
0 0.5177469135802469 0.2638888888888889 0.12962962962962962 0.1728395061728395
0 0.6190200617283951 0.2857510288065844 0.08989197530864197 0.2021604938271605
0 0.5603780864197531 0.4210390946502058 0.12692901234567902 0.16718106995884774
0 0.7588734567901234 0.2736625514403292 0.1875 0.2664609053497942
0 0.7594521604938271 0.49434156378600824 0.11998456790123457 0.18209876543209877
0 0.8512731481481481 0.4400720164609053 0.16550925925925927 0.13631687242798354
1 0.20582561728395063 0.12474279835390946 0.09915123456790123 0.14351851851851852
1 0.2993827160493827 0.12011316872427984 0.09104938271604938 0.15997942386831276
1 0.6082175925925926 0.8680555555555556 0.07445987654320987 0.08281893004115226
1 0.9048996913580247 0.551440329218107 0.19020061728395063 0.2222222222222222
1 0.1423611111111111 0.635545267489712 0.047839506172839504 0.07561728395061729