0 0.5493827160493827 0.474022633744856 0.18364197530864199 0.2381687242798354
0 0.3126929012345679 0.20730452674897118 0.10686728395061729 0.13065843621399176
0 0.2337962962962963 0.6033950617283951 0.08487654320987655 0.11008230452674897
1 0.06558641975308642 0.5079732510288066 0.07484567901234568 0.10751028806584362
1 0.3115354938271605 0.5702160493827161 0.05439814814814815 0.073559670781893
1 0.3717206790123457 0.5434670781893004 0.055169753086419755 0.0941358024691358
1 0.42843364197530864 0.5318930041152263 0.059799382716049385 0.11213991769547325
1 0.38040123456790126 0.9022633744855967 0.05324074074074074 0.07818930041152264
1 0.5671296296296297 0.6751543209876543 0.06327160493827161 0.08796296296296297
1 0.4243827160493827 0.3125 0.07330246913580248 0.1383744855967078
1 0.6049382716049383 0.13168724279835392 0.07716049382716049 0.09670781893004116
1 0.7202932098765432 0.2507716049382716 0.09645061728395062 0.12911522633744857
1 0.7824074074074074 0.1087962962962963 0.09259259259259259 0.11162551440329219
1 0.8663194444444444 0.13425925925925927 0.07523148148148148 0.11419753086419752
1 0.49421296296296297 0.2785493827160494 0.09953703703703703 0.12294238683127572