1 0.2029320987654321 0.14814814814814814 0.10339506172839506 0.14609053497942387
1 0.9375 0.14814814814814814 0.11882716049382716 0.13168724279835392
1 0.5987654320987654 0.2726337448559671 0.125 0.16872427983539096
0 0.04552469135802469 0.24537037037037038 0.08950617283950617 0.147119341563786
0 0.08101851851851852 0.36728395061728397 0.11265432098765432 0.13786008230452676
0 0.18479938271604937 0.5236625514403292 0.0933641975308642 0.16049382716049382
0 0.2820216049382716 0.4876543209876543 0.10416666666666667 0.1440329218106996
0 0.3256172839506173 0.36162551440329216 0.1095679012345679 0.1388888888888889
0 0.4540895061728395 0.301440329218107 0.12422839506172839 0.14609053497942387
0 0.3881172839506173 0.6306584362139918 0.11574074074074074 0.13580246913580246
0 0.501929012345679 0.6702674897119342 0.11496913580246913 0.15123456790123457
0 0.5181327160493827 0.5113168724279835 0.09953703703703703 0.1728395061728395
0 0.18595679012345678 0.7181069958847737 0.10339506172839506 0.1440329218106996
0 0.32253086419753085 0.8307613168724279 0.11419753086419752 0.17386831275720166
0 0.5262345679012346 0.9223251028806584 0.10339506172839506 0.15534979423868311
0 0.7268518518518519 0.43878600823045266 0.10802469135802469 0.14300411522633744
0 0.6608796296296297 0.565843621399177 0.11342592592592593 0.14609053497942387
0 0.7723765432098766 0.6172839506172839 0.125 0.15432098765432098
0 0.6643518518518519 0.7633744855967078 0.1095679012345679 0.13580246913580246
0 0.9375 0.7263374485596708 0.10339506172839506 0.12757201646090535
0 0.9039351851851852 0.5102880658436214 0.12114197530864197 0.14609053497942387