0 0.7114197530864198 0.4359567901234568 0.020833333333333332 0.025205761316872428
1 0.8595679012345679 0.19907407407407407 0.020061728395061727 0.0257201646090535
1 0.8782793209876543 0.2103909465020576 0.02507716049382716 0.033950617283950615
1 0.7947530864197531 0.22247942386831276 0.018518518518518517 0.02417695473251029
1 0.8130787037037037 0.24948559670781892 0.021219135802469136 0.023662551440329218
1 0.8410493827160493 0.2579732510288066 0.021604938271604937 0.028292181069958847
1 0.8478009259259259 0.3132716049382716 0.021219135802469136 0.024691358024691357
1 0.890625 0.3816872427983539 0.02199074074074074 0.030864197530864196
1 0.9510030864197531 0.36419753086419754 0.021604938271604937 0.03806584362139918
1 0.9270833333333334 0.4220679012345679 0.021604938271604937 0.03343621399176955
1 0.9276620370370371 0.39017489711934156 0.017361111111111112 0.023148148148148147
1 0.9120370370370371 0.3477366255144033 0.016203703703703703 0.0257201646090535
1 0.8084490740740741 0.599022633744856 0.021219135802469136 0.028292181069958847
1 0.8020833333333334 0.6262860082304527 0.029320987654320986 0.03755144032921811
1 0.9066358024691358 0.8212448559670782 0.041666666666666664 0.04681069958847737
1 0.8371913580246914 0.783179012345679 0.019290123456790122 0.029320987654320986
1 0.7660108024691358 0.4699074074074074 0.02044753086419753 0.028292181069958847
1 0.6664737654320988 0.6309156378600823 0.03125 0.03960905349794239
1 0.6481481481481481 0.7286522633744856 0.019290123456790122 0.026234567901234566
1 0.6676311728395061 0.7343106995884774 0.02353395061728395 0.032407407407407406
1 0.6961805555555556 0.6766975308641975 0.024305555555555556 0.029320987654320986
1 0.7471064814814815 0.7741769547325102 0.019675925925925927 0.024691358024691357
1 0.7667824074074074 0.8040123456790124 0.022762345679012346 0.027777777777777776
1 0.7847222222222222 0.8238168724279835 0.020833333333333332 0.026234567901234566
1 0.8026620370370371 0.8415637860082305 0.024305555555555556 0.0360082304526749
1 0.8223379629629629 0.8284465020576132 0.02507716049382716 0.035493827160493825
1 0.8657407407407407 0.8780864197530864 0.020061728395061727 0.02880658436213992
1 0.722608024691358 0.8762860082304527 0.026234567901234566 0.042695473251028807
1 0.7042824074074074 0.8883744855967078 0.022762345679012346 0.03292181069958848
1 0.6232638888888888 0.6057098765432098 0.02353395061728395 0.028292181069958847
1 0.6124614197530864 0.8994341563786008 0.027391975308641976 0.03446502057613169
1 0.46315586419753085 0.7947530864197531 0.022762345679012346 0.03189300411522634
1 0.48996913580246915 0.7842078189300411 0.029320987654320986 0.04372427983539095
1 0.40914351851851855 0.5995370370370371 0.02507716049382716 0.03137860082304527
1 0.3966049382716049 0.6180555555555556 0.019290123456790122 0.026234567901234566
1 0.5354938271604939 0.4660493827160494 0.022376543209876542 0.029835390946502057
1 0.5235339506172839 0.6255144032921811 0.026234567901234566 0.0411522633744856
1 0.5796682098765432 0.8433641975308642 0.024305555555555556 0.030349794238683128
1 0.36863425925925924 0.9670781893004116 0.02353395061728395 0.03909465020576132
1 0.29147376543209874 0.8757716049382716 0.019675925925925927 0.025205761316872428
1 0.3746141975308642 0.7983539094650206 0.019290123456790122 0.026748971193415638
1 0.3915895061728395 0.7584876543209876 0.020061728395061727 0.030349794238683128
1 0.44598765432098764 0.7564300411522634 0.023148148148148147 0.02726337448559671
1 0.5030864197530864 0.3479938271604938 0.027777777777777776 0.03652263374485597
1 0.5214120370370371 0.3698559670781893 0.02199074074074074 0.03189300411522634
1 0.46315586419753085 0.3279320987654321 0.03356481481481482 0.03960905349794239
1 0.4886188271604938 0.3001543209876543 0.021219135802469136 0.030349794238683128
1 0.3599537037037037 0.4176954732510288 0.019290123456790122 0.0257201646090535
1 0.34587191358024694 0.44238683127572015 0.02353395061728395 0.027777777777777776
1 0.3393132716049383 0.4722222222222222 0.02662037037037037 0.0360082304526749
1 0.40316358024691357 0.42772633744855965 0.023919753086419752 0.03755144032921811
1 0.3238811728395062 0.19727366255144033 0.02199074074074074 0.025205761316872428
1 0.41030092592592593 0.1748971193415638 0.021219135802469136 0.02880658436213992
1 0.5796682098765432 0.07561728395061729 0.017361111111111112 0.029835390946502057
1 0.5513117283950617 0.10596707818930041 0.020061728395061727 0.0257201646090535
1 0.5372299382716049 0.0625 0.019675925925925927 0.032407407407407406
1 0.46084104938271603 0.031121399176954733 0.027391975308641976 0.03755144032921811
1 0.4020061728395062 0.06430041152263374 0.021604938271604937 0.029835390946502057
1 0.3846450617283951 0.026748971193415638 0.022376543209876542 0.024691358024691357
1 0.29224537037037035 0.019290123456790122 0.02507716049382716 0.032407407407407406
1 0.6624228395061729 0.2952674897119342 0.020833333333333332 0.029835390946502057
1 0.6795910493827161 0.2829218106995885 0.01890432098765432 0.026748971193415638
1 0.6884645061728395 0.15252057613168724 0.02507716049382716 0.03343621399176955
1 0.6259645061728395 0.11008230452674897 0.021219135802469136 0.027777777777777776
1 0.6774691358024691 0.05066872427983539 0.022376543209876542 0.025205761316872428
1 0.7274305555555556 0.049639917695473254 0.02044753086419753 0.032407407407407406
1 0.7563657407407407 0.147119341563786 0.01890432098765432 0.027777777777777776
1 0.21084104938271606 0.319701646090535 0.02353395061728395 0.032407407407407406
1 0.2065972222222222 0.3801440329218107 0.024305555555555556 0.0257201646090535
1 0.1857638888888889 0.3984053497942387 0.022762345679012346 0.030349794238683128
1 0.21277006172839505 0.40149176954732513 0.02044753086419753 0.026234567901234566
1 0.2770061728395062 0.40920781893004116 0.020833333333333332 0.029320987654320986
1 0.24093364197530864 0.4799382716049383 0.02353395061728395 0.029835390946502057
1 0.13560956790123457 0.5349794238683128 0.018132716049382717 0.02880658436213992
1 0.2503858024691358 0.5288065843621399 0.017746913580246913 0.023662551440329218
1 0.13464506172839505 0.3369341563786008 0.02854938271604938 0.03292181069958848
1 0.16570216049382716 0.16949588477366256 0.021219135802469136 0.02726337448559671
1 0.17650462962962962 0.19290123456790123 0.022762345679012346 0.029835390946502057
1 0.1087962962962963 0.12371399176954732 0.029320987654320986 0.042695473251028807
1 0.29822530864197533 0.14017489711934156 0.022376543209876542 0.029320987654320986
1 0.09375 0.07433127572016461 0.022376543209876542 0.028292181069958847
1 0.11998456790123457 0.07844650205761317 0.02700617283950617 0.03446502057613169
1 0.1097608024691358 0.2978395061728395 0.021219135802469136 0.0257201646090535
1 0.08468364197530864 0.46399176954732513 0.028935185185185185 0.03189300411522634
1 0.2181712962962963 0.24974279835390947 0.022762345679012346 0.030349794238683128
1 0.04128086419753087 0.05941358024691358 0.017746913580246913 0.030349794238683128
1 0.059799382716049385 0.012345679012345678 0.020833333333333332 0.023662551440329218
1 0.06076388888888889 0.037037037037037035 0.02507716049382716 0.02263374485596708
1 0.058834876543209874 0.05864197530864197 0.022762345679012346 0.024691358024691357
1 0.05304783950617284 0.17463991769547324 0.019675925925925927 0.030349794238683128
1 0.07253086419753087 0.1787551440329218 0.022376543209876542 0.03137860082304527
1 0.2951388888888889 0.07175925925925926 0.016975308641975308 0.023148148148148147
1 0.05497685185185185 0.647119341563786 0.019675925925925927 0.021604938271604937
1 0.05015432098765432 0.6733539094650206 0.023919753086419752 0.02880658436213992
1 0.06925154320987655 0.6741255144032922 0.022762345679012346 0.032407407407407406
1 0.6188271604938271 0.761059670781893 0.023919753086419752 0.03446502057613169
1 0.6614583333333334 0.7667181069958847 0.02199074074074074 0.02726337448559671