0 0.2814429012345679 0.18492798353909465 0.20949074074074073 0.1610082304526749
0 0.10088734567901235 0.63940329218107 0.10223765432098765 0.14814814814814814
0 0.26273148148148145 0.6520061728395061 0.12191358024691358 0.15895061728395063
0 0.22029320987654322 0.7901234567901234 0.11419753086419752 0.1368312757201646
0 0.42824074074074076 0.7186213991769548 0.1111111111111111 0.14300411522633744
0 0.3331404320987654 0.5606995884773662 0.09760802469135803 0.13991769547325103
0 0.44907407407407407 0.4567901234567901 0.11496913580246913 0.1419753086419753
0 0.6032021604938271 0.5974794238683128 0.10069444444444445 0.13734567901234568
0 0.7175925925925926 0.5931069958847737 0.12268518518518519 0.16255144032921812
0 0.6902006172839507 0.8279320987654321 0.12191358024691358 0.1640946502057613
0 0.9197530864197531 0.6460905349794238 0.11342592592592593 0.15123456790123457
0 0.8651620370370371 0.35648148148148145 0.14699074074074073 0.13477366255144033
0 0.6786265432098766 0.32664609053497945 0.11574074074074074 0.1440329218106996
1 0.5069444444444444 0.2767489711934156 0.07484567901234568 0.09053497942386832
1 0.7407407407407407 0.22993827160493827 0.08101851851851852 0.09773662551440329