1 0.28858024691358025 0.3482510288065844 0.07561728395061729 0.10390946502057613
0 0.19405864197530864 0.2926954732510288 0.17669753086419754 0.17386831275720166
0 0.13657407407407407 0.5030864197530864 0.10339506172839506 0.18930041152263374
0 0.23958333333333334 0.5082304526748971 0.11496913580246913 0.1646090534979424
0 0.3425925925925926 0.4583333333333333 0.13271604938271606 0.17386831275720166
0 0.25 0.6676954732510288 0.12962962962962962 0.17078189300411523
0 0.3630401234567901 0.6208847736625515 0.12114197530864197 0.15534979423868311
0 0.3726851851851852 0.7608024691358025 0.1527777777777778 0.15946502057613168
0 0.07947530864197531 0.7690329218106996 0.13117283950617284 0.16563786008230452
0 0.44135802469135804 0.33796296296296297 0.11265432098765432 0.14917695473251028
0 0.5219907407407407 0.4974279835390947 0.17515432098765432 0.12654320987654322
0 0.5925925925925926 0.6162551440329218 0.10339506172839506 0.1337448559670782
0 0.6655092592592593 0.5010288065843621 0.09799382716049383 0.1728395061728395
0 0.7623456790123457 0.529320987654321 0.11728395061728394 0.1388888888888889
0 0.7592592592592593 0.25771604938271603 0.13580246913580246 0.17386831275720166
0 0.8665123456790124 0.31224279835390945 0.11574074074074074 0.14300411522633744
1 0.47646604938271603 0.21656378600823045 0.14351851851851852 0.15534979423868311
1 0.19907407407407407 0.8719135802469136 0.09645061728395062 0.10596707818930041
1 0.5798611111111112 0.32098765432098764 0.12345679012345678 0.18106995884773663
1 0.6442901234567902 0.2551440329218107 0.09027777777777778 0.16666666666666666
1 0.6354166666666666 0.4130658436213992 0.08487654320987655 0.10596707818930041
1 0.7816358024691358 0.39351851851851855 0.10570987654320987 0.147119341563786
1 0.8491512345679012 0.6275720164609053 0.0941358024691358 0.11522633744855967
1 0.9452160493827161 0.5699588477366255 0.0933641975308642 0.13991769547325103
1 0.8707561728395061 0.5025720164609053 0.11265432098765432 0.12654320987654322
1 0.9147376543209876 0.41358024691358025 0.12345679012345678 0.09876543209876543