0 0.2816358024691358 0.5200617283950617 0.12345679012345678 0.1183127572016461
0 0.4386574074074074 0.6260288065843621 0.10108024691358025 0.11213991769547325
0 0.5783179012345679 0.6064814814814815 0.16589506172839505 0.2006172839506173
0 0.47685185185185186 0.5185185185185185 0.11419753086419752 0.13168724279835392
0 0.6369598765432098 0.44290123456790126 0.1396604938271605 0.1368312757201646
0 0.5597993827160493 0.37962962962962965 0.1087962962962963 0.1337448559670782
0 0.5532407407407407 0.23405349794238683 0.11882716049382716 0.12037037037037036
0 0.6477623456790124 0.3153292181069959 0.10108024691358025 0.12654320987654322
0 0.6736111111111112 0.17644032921810698 0.11728395061728394 0.15123456790123457
1 0.46566358024691357 0.1183127572016461 0.12885802469135801 0.17695473251028807
1 0.30864197530864196 0.6728395061728395 0.1558641975308642 0.18930041152263374
1 0.5466820987654321 0.7741769547325102 0.14737654320987653 0.1779835390946502
1 0.8182870370370371 0.17644032921810698 0.1736111111111111 0.23765432098765432
1 0.9112654320987654 0.3343621399176955 0.08333333333333333 0.10905349794238683
1 0.251929012345679 0.7736625514403292 0.08564814814814815 0.11522633744855967
1 0.39197530864197533 0.7602880658436214 0.09722222222222222 0.12345679012345678
1 0.4444444444444444 0.7304526748971193 0.08487654320987655 0.10082304526748971
1 0.4363425925925926 0.4583333333333333 0.12114197530864197 0.11625514403292181
1 0.9579475308641975 0.4506172839506173 0.07947530864197531 0.12757201646090535
1 0.08024691358024691 0.2021604938271605 0.09259259259259259 0.11008230452674897
1 0.45100308641975306 0.2762345679012346 0.09490740740740741 0.13271604938271606
1 0.3726851851851852 0.25617283950617287 0.08796296296296297 0.09876543209876543
1 0.3109567901234568 0.35288065843621397 0.2052469135802469 0.17078189300411523
1 0.31867283950617287 0.45267489711934156 0.06481481481481481 0.0720164609053498