0 0.49710648148148145 0.3395061728395062 0.15162037037037038 0.12037037037037036
0 0.3753858024691358 0.45601851851851855 0.07330246913580248 0.1815843621399177
0 0.4494598765432099 0.5424382716049383 0.10648148148148148 0.16203703703703703
0 0.5279706790123457 0.4699074074074074 0.12229938271604938 0.14248971193415638
0 0.5561342592592593 0.5542695473251029 0.13233024691358025 0.14660493827160495
0 0.6259645061728395 0.4912551440329218 0.09683641975308642 0.16769547325102882
0 0.6732253086419753 0.3402777777777778 0.07330246913580248 0.1712962962962963
1 0.5787037037037037 0.2952674897119342 0.125 0.23559670781893005
1 0.4529320987654321 0.10802469135802469 0.10339506172839506 0.06995884773662552
1 0.4535108024691358 0.04552469135802469 0.059799382716049385 0.07561728395061729
1 0.5073302469135802 0.045010288065843625 0.05941358024691358 0.06430041152263374
1 0.30478395061728397 0.3513374485596708 0.08641975308641975 0.0823045267489712
1 0.3323688271604938 0.2404835390946502 0.0798611111111111 0.10853909465020577
1 0.42592592592592593 0.7245370370370371 0.1111111111111111 0.14248971193415638
1 0.5057870370370371 0.7690329218106996 0.05324074074074074 0.06893004115226338
1 0.45871913580246915 0.834619341563786 0.0763888888888889 0.08693415637860083
1 0.8512731481481481 0.573045267489712 0.055169753086419755 0.09670781893004116
1 0.9158950617283951 0.5007716049382716 0.0779320987654321 0.10133744855967078
1 0.9436728395061729 0.3117283950617284 0.09722222222222222 0.11419753086419752
1 0.15104166666666666 0.6401748971193416 0.13387345679012347 0.16203703703703703
1 0.07079475308641975 0.3299897119341564 0.08757716049382716 0.09927983539094651
1 0.09992283950617284 0.4418724279835391 0.09182098765432099 0.12448559670781893
1 0.09741512345679013 0.052726337448559674 0.09837962962962964 0.10339506172839506
1 0.19830246913580246 0.9125514403292181 0.07021604938271606 0.08641975308641975