1 0.9083719135802469 0.5236625514403292 0.07445987654320987 0.11008230452674897
1 0.5098379629629629 0.6849279835390947 0.06520061728395062 0.07767489711934156
1 0.3288966049382716 0.7878086419753086 0.06520061728395062 0.08487654320987655
0 0.21277006172839505 0.7150205761316872 0.13310185185185186 0.13477366255144033
0 0.4212962962962963 0.37319958847736623 0.1257716049382716 0.16203703703703703
0 0.5003858024691358 0.43106995884773663 0.1111111111111111 0.14506172839506173
0 0.5453317901234568 0.2788065843621399 0.10455246913580248 0.1388888888888889
0 0.6774691358024691 0.4236111111111111 0.10185185185185185 0.12397119341563786
0 0.6649305555555556 0.2199074074074074 0.11226851851851852 0.14454732510288065
0 0.7932098765432098 0.4058641975308642 0.10339506172839506 0.16152263374485595
0 0.8452932098765432 0.17746913580246915 0.12191358024691358 0.16255144032921812
1 0.5655864197530864 0.4920267489711934 0.10725308641975309 0.1332304526748971
1 0.5993441358024691 0.6175411522633745 0.09452160493827161 0.12191358024691358