1 0.06095679012345679 0.30092592592592593 0.10339506172839506 0.11934156378600823
1 0.33024691358024694 0.48199588477366256 0.07947530864197531 0.11213991769547325
1 0.28973765432098764 0.5596707818930041 0.07561728395061729 0.10185185185185185
1 0.36072530864197533 0.6733539094650206 0.08024691358024691 0.102880658436214
1 0.7278163580246914 0.5794753086419753 0.08912037037037036 0.10648148148148148
0 0.6612654320987654 0.2916666666666667 0.19058641975308643 0.26337448559670784
0 0.16898148148148148 0.5457818930041153 0.11265432098765432 0.15843621399176955
1 0.22608024691358025 0.7996399176954733 0.08024691358024691 0.10648148148148148
1 0.10204475308641975 0.9418724279835391 0.09683641975308642 0.11316872427983539
1 0.31635802469135804 0.2397119341563786 0.05941358024691358 0.08847736625514403
1 0.5233410493827161 0.5084876543209876 0.09992283950617284 0.12191358024691358
1 0.6257716049382716 0.4879115226337449 0.09182098765432099 0.11882716049382716
1 0.736304012345679 0.41538065843621397 0.10378086419753087 0.1352880658436214
1 0.8024691358024691 0.25102880658436216 0.08487654320987655 0.11728395061728394
1 0.8875385802469136 0.9583333333333334 0.08834876543209877 0.08333333333333333