0 0.7700617283950617 0.1463477366255144 0.03009259259259259 0.03755144032921811
0 0.294945987654321 0.3690843621399177 0.03510802469135803 0.042695473251028807
0 0.2762345679012346 0.39300411522633744 0.024691358024691357 0.037037037037037035
0 0.6608796296296297 0.5362654320987654 0.031635802469135804 0.029320987654320986
0 0.6631944444444444 0.5617283950617284 0.034722222222222224 0.029835390946502057
0 0.7004243827160493 0.565843621399177 0.02970679012345679 0.03189300411522634
0 0.7000385802469136 0.5954218106995884 0.027391975308641976 0.029320987654320986
1 0.6417824074074074 0.40252057613168724 0.02044753086419753 0.022119341563786008
1 0.7606095679012346 0.43261316872427985 0.03279320987654321 0.03806584362139918
1 0.7467206790123457 0.4125514403292181 0.017361111111111112 0.02263374485596708
1 0.7013888888888888 0.426440329218107 0.020061728395061727 0.0257201646090535
1 0.7648533950617284 0.5023148148148148 0.01890432098765432 0.029320987654320986
1 0.5997299382716049 0.6453189300411523 0.02507716049382716 0.030349794238683128
1 0.8063271604938271 0.25823045267489714 0.015432098765432098 0.024691358024691357
1 0.7112268518518519 0.2662037037037037 0.024305555555555556 0.03446502057613169
1 0.7235725308641975 0.2857510288065844 0.025848765432098766 0.030349794238683128
1 0.7347608024691358 0.32150205761316875 0.017361111111111112 0.024691358024691357
1 0.751929012345679 0.32253086419753085 0.018518518518518517 0.02263374485596708
1 0.8053626543209876 0.19161522633744857 0.021219135802469136 0.016975308641975308
1 0.8069058641975309 0.20679012345679013 0.02199074074074074 0.021604938271604937
1 0.7941743827160493 0.22093621399176955 0.018132716049382717 0.02109053497942387
1 0.8130787037037037 0.2273662551440329 0.019675925925925927 0.02263374485596708
1 0.6402391975308642 0.15303497942386832 0.022762345679012346 0.02726337448559671
1 0.6620370370370371 0.17695473251028807 0.023919753086419752 0.0257201646090535
1 0.7152777777777778 0.14609053497942387 0.016203703703703703 0.024691358024691357
1 0.6900077160493827 0.11419753086419752 0.02044753086419753 0.027777777777777776
1 0.49614197530864196 0.4071502057613169 0.021604938271604937 0.032407407407407406
1 0.47337962962962965 0.44495884773662553 0.019290123456790122 0.021604938271604937
1 0.5408950617283951 0.4243827160493827 0.020833333333333332 0.026748971193415638
1 0.5123456790123457 0.47350823045267487 0.022376543209876542 0.03343621399176955
1 0.4685570987654321 0.5578703703703703 0.02507716049382716 0.03137860082304527
1 0.4645061728395062 0.614454732510288 0.020061728395061727 0.02726337448559671
1 0.4077932098765432 0.6069958847736625 0.019290123456790122 0.0205761316872428
1 0.22106481481481483 0.551954732510288 0.033179012345679014 0.04218106995884774
1 0.14737654320987653 0.4140946502057613 0.026234567901234566 0.0360082304526749
1 0.2191358024691358 0.38425925925925924 0.029320987654320986 0.033950617283950615
1 0.17592592592592593 0.3626543209876543 0.019290123456790122 0.0257201646090535
1 0.21604938271604937 0.30246913580246915 0.023919753086419752 0.030864197530864196
1 0.11747685185185185 0.36574074074074076 0.019675925925925927 0.026748971193415638
1 0.12731481481481483 0.10416666666666667 0.021604938271604937 0.02417695473251029
1 0.20794753086419754 0.04063786008230453 0.020061728395061727 0.024691358024691357
1 0.021026234567901234 0.14506172839506173 0.01890432098765432 0.024691358024691357
1 0.04938271604938271 0.21502057613168724 0.017746913580246913 0.0257201646090535
1 0.037037037037037035 0.2322530864197531 0.020833333333333332 0.02726337448559671
1 0.026041666666666668 0.26286008230452673 0.027391975308641976 0.03189300411522634
1 0.044753086419753084 0.27906378600823045 0.020061728395061727 0.03446502057613169
1 0.05497685185185185 0.3297325102880658 0.019675925925925927 0.021604938271604937
1 0.11516203703703703 0.4403292181069959 0.02353395061728395 0.024691358024691357
1 0.12345679012345678 0.26414609053497945 0.016203703703703703 0.022119341563786008
1 0.23707561728395063 0.055041152263374485 0.01890432098765432 0.0257201646090535
1 0.23244598765432098 0.12319958847736626 0.018132716049382717 0.023148148148148147
1 0.20987654320987653 0.1396604938271605 0.016975308641975308 0.025205761316872428
1 0.22781635802469136 0.2103909465020576 0.017361111111111112 0.0205761316872428
1 0.2179783950617284 0.27469135802469136 0.020061728395061727 0.024691358024691357
1 0.2021604938271605 0.35390946502057613 0.021604938271604937 0.0257201646090535
1 0.19772376543209877 0.375 0.019675925925925927 0.02880658436213992
1 0.06172839506172839 0.44830246913580246 0.022376543209876542 0.025205761316872428
1 0.1886574074074074 0.5002572016460906 0.020833333333333332 0.026234567901234566
1 0.21122685185185186 0.4426440329218107 0.019675925925925927 0.029320987654320986
1 0.24691358024691357 0.4611625514403292 0.019290123456790122 0.026234567901234566
1 0.2503858024691358 0.3963477366255144 0.021604938271604937 0.025205761316872428
1 0.18287037037037038 0.3037551440329218 0.016203703703703703 0.023148148148148147
1 0.24402006172839505 0.30426954732510286 0.015046296296296295 0.022119341563786008
1 0.24594907407407407 0.27237654320987653 0.018132716049382717 0.023148148148148147
1 0.29147376543209874 0.14171810699588477 0.015817901234567902 0.01903292181069959
1 0.3856095679012346 0.17824074074074073 0.016589506172839507 0.020061728395061727
1 0.4068287037037037 0.1301440329218107 0.02353395061728395 0.02880658436213992
1 0.3599537037037037 0.2708333333333333 0.020061728395061727 0.028292181069958847
1 0.3385416666666667 0.2623456790123457 0.01890432098765432 0.02263374485596708
1 0.3296682098765432 0.36728395061728397 0.01890432098765432 0.023662551440329218
1 0.34953703703703703 0.3721707818930041 0.015432098765432098 0.01903292181069959
1 0.4533179012345679 0.1574074074074074 0.015432098765432098 0.01748971193415638
1 0.3645833333333333 0.18441358024691357 0.020061728395061727 0.023148148148148147
1 0.3759645061728395 0.20164609053497942 0.019675925925925927 0.021604938271604937
1 0.3011188271604938 0.2132201646090535 0.017361111111111112 0.022119341563786008
1 0.30960648148148145 0.23405349794238683 0.015817901234567902 0.018518518518518517
1 0.32330246913580246 0.24665637860082304 0.020061728395061727 0.025205761316872428
1 0.29398148148148145 0.48559670781893005 0.017746913580246913 0.0257201646090535
1 0.3433641975308642 0.39737654320987653 0.02546296296296296 0.032407407407407406
1 0.35185185185185186 0.4642489711934156 0.016975308641975308 0.025205761316872428
1 0.36747685185185186 0.510545267489712 0.02199074074074074 0.03343621399176955
1 0.4037422839506173 0.5190329218106996 0.02507716049382716 0.030864197530864196
1 0.45100308641975306 0.5833333333333334 0.016975308641975308 0.02263374485596708
1 0.41242283950617287 0.5866769547325102 0.020061728395061727 0.022119341563786008
1 0.42322530864197533 0.5673868312757202 0.019290123456790122 0.023662551440329218
1 0.46064814814814814 0.5118312757201646 0.017746913580246913 0.023662551440329218
1 0.3132716049382716 0.7412551440329218 0.022376543209876542 0.03189300411522634
1 0.2827932098765432 0.7816358024691358 0.020833333333333332 0.030349794238683128
1 0.27488425925925924 0.7229938271604939 0.018132716049382717 0.028292181069958847
1 0.30343364197530864 0.7746913580246914 0.024305555555555556 0.030864197530864196
1 0.32040895061728397 0.7672325102880658 0.018132716049382717 0.026234567901234566
1 0.5461033950617284 0.0727880658436214 0.018132716049382717 0.023148148148148147
1 0.5686728395061729 0.06532921810699588 0.016203703703703703 0.0205761316872428
1 0.6577932098765432 0.045010288065843625 0.024691358024691357 0.03343621399176955
1 0.5852623456790124 0.015689300411522635 0.032407407407407406 0.029320987654320986
1 0.6861496913580247 0.013117283950617283 0.018132716049382717 0.02417695473251029
1 0.7297453703703703 0.0522119341563786 0.018132716049382717 0.022119341563786008
1 0.7106481481481481 0.10185185185185185 0.019290123456790122 0.029835390946502057
1 0.7432484567901234 0.11445473251028807 0.03356481481481482 0.04989711934156379
1 0.7662037037037037 0.06095679012345679 0.020833333333333332 0.029320987654320986
1 0.7916666666666666 0.04681069958847737 0.017746913580246913 0.023662551440329218
1 0.7787422839506173 0.03266460905349794 0.021219135802469136 0.025205761316872428
1 0.8589891975308642 0.015689300411522635 0.024305555555555556 0.030349794238683128
1 0.8493441358024691 0.16229423868312756 0.02353395061728395 0.025205761316872428
1 0.8016975308641975 0.143261316872428 0.015432098765432098 0.025205761316872428
1 0.8391203703703703 0.37371399176954734 0.016975308641975308 0.020061728395061727
1 0.8373842592592593 0.3968621399176955 0.015817901234567902 0.022119341563786008
1 0.8512731481481481 0.4251543209876543 0.015046296296296295 0.01800411522633745
1 0.6954089506172839 0.6391460905349794 0.021219135802469136 0.03960905349794239
1 0.6859567901234568 0.694701646090535 0.021604938271604937 0.028292181069958847
1 0.5597993827160493 0.6159979423868313 0.021604938271604937 0.026234567901234566
1 0.5752314814814815 0.6085390946502057 0.020061728395061727 0.027777777777777776
1 0.6319444444444444 0.4722222222222222 0.019290123456790122 0.026748971193415638
1 0.21277006172839505 0.6751543209876543 0.02044753086419753 0.029320987654320986
1 0.24845679012345678 0.6622942386831275 0.020061728395061727 0.028292181069958847
1 0.16801697530864199 0.5997942386831275 0.019675925925925927 0.029835390946502057
1 0.1871141975308642 0.6358024691358025 0.019290123456790122 0.029835390946502057
1 0.045717592592592594 0.7777777777777778 0.02044753086419753 0.027777777777777776
1 0.06712962962962964 0.8271604938271605 0.020061728395061727 0.027777777777777776
1 0.05131172839506173 0.9017489711934157 0.017746913580246913 0.02263374485596708
1 0.10281635802469136 0.5583847736625515 0.019675925925925927 0.02726337448559671
1 0.10783179012345678 0.5895061728395061 0.02044753086419753 0.024691358024691357
1 0.06905864197530864 0.6193415637860082 0.020833333333333332 0.026748971193415638
1 0.2017746913580247 0.739454732510288 0.022376543209876542 0.03446502057613169
1 0.341820987654321 0.3436213991769547 0.016203703703703703 0.023662551440329218
1 0.8817515432098766 0.8233024691358025 0.021219135802469136 0.03652263374485597
1 0.8962191358024691 0.9246399176954733 0.020061728395061727 0.028292181069958847
1 0.9544753086419753 0.8922325102880658 0.022376543209876542 0.01903292181069959