1 0.267554012345679 0.8279320987654321 0.12692901234567902 0.09207818930041152
0 0.08256172839506173 0.7497427983539094 0.1597222222222222 0.2844650205761317
0 0.19540895061728394 0.43801440329218105 0.14467592592592593 0.22993827160493827
0 0.2341820987654321 0.26157407407407407 0.1574074074074074 0.18569958847736626
0 0.7555941358024691 0.10673868312757202 0.13001543209876543 0.17644032921810698
0 0.4654706790123457 0.08024691358024691 0.10532407407407407 0.1574074074074074
0 0.44039351851851855 0.3243312757201646 0.17785493827160495 0.330761316872428
0 0.3663194444444444 0.6918724279835391 0.12307098765432099 0.2006172839506173
0 0.5922067901234568 0.566358024691358 0.15895061728395063 0.20164609053497942
0 0.484375 0.7217078189300411 0.16550925925925927 0.1574074074074074
0 0.6257716049382716 0.7165637860082305 0.17901234567901234 0.20164609053497942
0 0.6761188271604939 0.43698559670781895 0.15007716049382716 0.18569958847736626
0 0.8717206790123457 0.2752057613168724 0.16396604938271606 0.20679012345679013
0 0.3123070987654321 0.42412551440329216 0.1693672839506173 0.22993827160493827
1 0.8335262345679012 0.43775720164609055 0.1739969135802469 0.16666666666666666