0 0.1552854938271605 0.7175925925925926 0.14390432098765432 0.2006172839506173
0 0.24016203703703703 0.911522633744856 0.13387345679012347 0.17695473251028807
0 0.27353395061728397 0.7878086419753086 0.1597222222222222 0.12191358024691358
0 0.40142746913580246 0.706275720164609 0.10686728395061729 0.16769547325102882
0 0.41898148148148145 0.8032407407407407 0.10802469135802469 0.1455761316872428
0 0.6597222222222222 0.8724279835390947 0.11728395061728394 0.25102880658436216
0 0.7766203703703703 0.8917181069958847 0.11188271604938271 0.21656378600823045
0 0.6226851851851852 0.5416666666666666 0.11419753086419752 0.16152263374485595
0 0.8993055555555556 0.4704218106995885 0.12731481481481483 0.22479423868312756
0 0.5962577160493827 0.35648148148148145 0.1415895061728395 0.1779835390946502
0 0.6734182098765432 0.30761316872427985 0.11304012345679013 0.14609053497942387
1 0.8844521604938271 0.7055041152263375 0.11072530864197531 0.1527777777777778
0 0.29475308641975306 0.5581275720164609 0.19907407407407407 0.1800411522633745
1 0.22916666666666666 0.22685185185185186 0.1095679012345679 0.1388888888888889
1 0.41242283950617287 0.2785493827160494 0.11574074074074074 0.1527777777777778
1 0.16242283950617284 0.09670781893004116 0.11188271604938271 0.12551440329218108
1 0.36496913580246915 0.08641975308641975 0.07716049382716049 0.08024691358024691
1 0.42978395061728397 0.14814814814814814 0.05555555555555555 0.07716049382716049
1 0.4783950617283951 0.15560699588477367 0.05169753086419753 0.061213991769547324
1 0.47762345679012347 0.2109053497942387 0.07021604938271606 0.051440329218107
1 0.5169753086419753 0.08384773662551441 0.06712962962962964 0.0668724279835391
1 0.6898148148148148 0.16640946502057613 0.05555555555555555 0.06738683127572016
1 0.36651234567901236 0.4531893004115226 0.1527777777777778 0.12242798353909465
1 0.13348765432098766 0.48713991769547327 0.07716049382716049 0.09979423868312758
1 0.5046296296296297 0.7479423868312757 0.11265432098765432 0.1646090534979424
1 0.6720679012345679 0.6666666666666666 0.0779320987654321 0.1574074074074074
1 0.4739583333333333 0.4104938271604938 0.12229938271604938 0.1388888888888889
1 0.33661265432098764 0.6743827160493827 0.11689814814814815 0.14506172839506173
1 0.3773148148148148 0.897633744855967 0.13271604938271606 0.15946502057613168
1 0.2814429012345679 0.36959876543209874 0.1909722222222222 0.19598765432098766
1 0.7619598765432098 0.4881687242798354 0.07098765432098765 0.11213991769547325