1 0.10725308641975309 0.5545267489711934 0.10493827160493827 0.12551440329218108
1 0.4444444444444444 0.49588477366255146 0.12808641975308643 0.16872427983539096
0 0.28780864197530864 0.3081275720164609 0.1095679012345679 0.13477366255144033
0 0.23958333333333334 0.4624485596707819 0.16126543209876543 0.18415637860082304
0 0.23765432098765432 0.690843621399177 0.11574074074074074 0.14506172839506173
0 0.4386574074074074 0.6455761316872428 0.1412037037037037 0.11008230452674897
0 0.4826388888888889 0.3441358024691358 0.11033950617283951 0.14917695473251028
0 0.5929783950617284 0.3533950617283951 0.11651234567901235 0.15534979423868311
0 0.5887345679012346 0.7880658436213992 0.1712962962962963 0.13168724279835392
0 0.6122685185185185 0.12962962962962962 0.11188271604938271 0.1522633744855967
0 0.8726851851851852 0.19032921810699588 0.1095679012345679 0.15020576131687244
0 0.8703703703703703 0.338477366255144 0.14506172839506173 0.14814814814814814