0 0.503858024691358 0.522633744855967 0.2700617283950617 0.3395061728395062
1 0.13599537037037038 0.31867283950617287 0.1724537037037037 0.20936213991769548
1 0.20023148148148148 0.22093621399176955 0.09490740740740741 0.11676954732510288
1 0.2689043209876543 0.301440329218107 0.09645061728395062 0.12345679012345678
1 0.2357253086419753 0.44907407407407407 0.11959876543209877 0.16769547325102882
1 0.3341049382716049 0.4722222222222222 0.12345679012345678 0.15637860082304528
1 0.41242283950617287 0.3487654320987654 0.1388888888888889 0.18724279835390947
1 0.5829475308641975 0.3392489711934156 0.07330246913580248 0.09927983539094651
1 0.7878086419753086 0.6666666666666666 0.12345679012345678 0.1337448559670782
1 0.6207561728395061 0.7121913580246914 0.12345679012345678 0.18364197530864199
1 0.5025077160493827 0.8055555555555556 0.19791666666666666 0.2366255144032922