0 0.3576388888888889 0.34439300411522633 0.11959876543209877 0.1476337448559671
0 0.3115354938271605 0.5228909465020576 0.17631172839506173 0.18878600823045266
0 0.48128858024691357 0.5493827160493827 0.09375 0.13168724279835392
0 0.46585648148148145 0.7235082304526749 0.10686728395061729 0.1610082304526749
1 0.5256558641975309 0.6918724279835391 0.04359567901234568 0.0874485596707819
1 0.5725308641975309 0.761059670781893 0.08641975308641975 0.16820987654320987
1 0.7089120370370371 0.6823559670781894 0.09375 0.1198559670781893
1 0.5912422839506173 0.5897633744855967 0.12075617283950617 0.12705761316872427
1 0.6527777777777778 0.5151748971193416 0.10802469135802469 0.1352880658436214
1 0.7474922839506173 0.5666152263374485 0.07600308641975309 0.1147119341563786
1 0.8028549382716049 0.7397119341563786 0.10416666666666667 0.13580246913580246
1 0.8786651234567902 0.8194444444444444 0.0783179012345679 0.09567901234567901
1 0.8753858024691358 0.9104938271604939 0.07175925925925926 0.09259259259259259
1 0.24074074074074073 0.4130658436213992 0.0941358024691358 0.102880658436214
1 0.7937885802469136 0.3428497942386831 0.0783179012345679 0.0787037037037037
1 0.8753858024691358 0.3726851851851852 0.07947530864197531 0.0941358024691358
1 0.9288194444444444 0.43106995884773663 0.07600308641975309 0.0874485596707819
1 0.7326388888888888 0.275977366255144 0.08719135802469136 0.15792181069958847
1 0.7957175925925926 0.12165637860082304 0.10300925925925926 0.09619341563786009