0 0.265625 0.10390946502057613 0.12924382716049382 0.15843621399176955
0 0.08294753086419752 0.5447530864197531 0.11419753086419752 0.18724279835390947
0 0.3393132716049383 0.4660493827160494 0.1392746913580247 0.1800411522633745
0 0.4508101851851852 0.6072530864197531 0.13078703703703703 0.19084362139917696
0 0.38078703703703703 0.22608024691358025 0.12268518518518519 0.16306584362139917
0 0.8084490740740741 0.5943930041152263 0.14621913580246915 0.15792181069958847
0 0.6741898148148148 0.09002057613168725 0.20794753086419754 0.17078189300411523
0 0.9016203703703703 0.9158950617283951 0.12268518518518519 0.13940329218106995
1 0.5831404320987654 0.782664609053498 0.11149691358024691 0.1527777777777778
1 0.10648148148148148 0.8395061728395061 0.16126543209876543 0.24074074074074073
1 0.07137345679012345 0.19753086419753085 0.13503086419753085 0.11728395061728394
1 0.5652006172839507 0.6386316872427984 0.09490740740740741 0.11779835390946503
1 0.7768132716049383 0.25462962962962965 0.1431327160493827 0.16152263374485595
0 0.5281635802469136 0.3912037037037037 0.18055555555555555 0.3472222222222222