0 0.470679012345679 0.1684670781893004 0.09876543209876543 0.13940329218106995
0 0.4085648148148148 0.25025720164609055 0.0779320987654321 0.13425925925925927
0 0.45621141975308643 0.3706275720164609 0.09066358024691358 0.14146090534979425
0 0.49151234567901236 0.49459876543209874 0.08950617283950617 0.11676954732510288
0 0.39544753086419754 0.49459876543209874 0.10262345679012345 0.10853909465020577
0 0.3287037037037037 0.5473251028806584 0.07098765432098765 0.12962962962962962
0 0.4095293209876543 0.6082818930041153 0.09915123456790123 0.13425925925925927
0 0.3854166666666667 0.7111625514403292 0.1087962962962963 0.14660493827160495
1 0.2492283950617284 0.4308127572016461 0.125 0.2330246913580247
1 0.6147762345679012 0.32510288065843623 0.19714506172839505 0.1697530864197531
1 0.5054012345679012 0.6278292181069959 0.10493827160493827 0.1640946502057613
1 0.3603395061728395 0.12808641975308643 0.2044753086419753 0.23353909465020575
1 0.2864583333333333 0.7667181069958847 0.12692901234567902 0.17541152263374485
1 0.6383101851851852 0.6154835390946503 0.16550925925925927 0.169238683127572
1 0.5536265432098766 0.39711934156378603 0.11188271604938271 0.1522633744855967