1 0.25810185185185186 0.5753600823045267 0.06635802469135803 0.08487654320987655
1 0.6155478395061729 0.7939814814814815 0.0783179012345679 0.09207818930041152
1 0.3782793209876543 0.8510802469135802 0.07291666666666667 0.10853909465020577
0 0.20466820987654322 0.4755658436213992 0.1076388888888889 0.1610082304526749
0 0.1550925925925926 0.7494855967078189 0.20910493827160495 0.15432098765432098
0 0.37885802469135804 0.49588477366255146 0.125 0.147119341563786
0 0.4731867283950617 0.3713991769547325 0.10841049382716049 0.15329218106995884
0 0.574266975308642 0.6013374485596708 0.11766975308641975 0.16666666666666666
0 0.7378472222222222 0.9251543209876543 0.14621913580246915 0.13117283950617284
0 0.8748070987654321 0.757201646090535 0.10146604938271606 0.1368312757201646
0 0.6666666666666666 0.2412551440329218 0.11342592592592593 0.1368312757201646
0 0.7289737654320988 0.382201646090535 0.11072530864197531 0.16358024691358025
0 0.8474151234567902 0.13631687242798354 0.10532407407407407 0.13786008230452676
0 0.9481095679012346 0.17901234567901234 0.10378086419753087 0.1368312757201646
1 0.15933641975308643 0.2690329218106996 0.1381172839506173 0.12345679012345678
1 0.5526620370370371 0.8917181069958847 0.11072530864197531 0.14454732510288065