0 0.13633333333333333 0.543625 0.084 0.05375
0 0.3075 0.5145 0.07766666666666666 0.05
0 0.4661666666666667 0.508125 0.067 0.04925
0 0.6478333333333334 0.462875 0.06166666666666667 0.03975
0 0.7096666666666667 0.430625 0.06666666666666667 0.04775
0 0.8148333333333333 0.448 0.07166666666666667 0.0545
1 0.42816666666666664 0.393375 0.063 0.05375
1 0.4205 0.52225 0.061 0.046
1 0.5938333333333333 0.4495 0.057 0.043
0 0.7731666666666667 0.6525 0.07633333333333334 0.0565
1 0.4111666666666667 0.57525 0.06633333333333333 0.049