1 0.5686666666666667 0.814875 0.056 0.04725
1 0.4661666666666667 0.4995 0.06766666666666667 0.046
1 0.5308333333333334 0.498375 0.055 0.04125
1 0.6106666666666667 0.520375 0.06466666666666666 0.03925
1 0.7275 0.4185 0.044333333333333336 0.032
1 0.19966666666666666 0.429 0.058666666666666666 0.043
0 0.5063333333333333 0.825625 0.08333333333333333 0.06325
0 0.4078333333333333 0.513875 0.07566666666666666 0.05475
0 0.26616666666666666 0.489625 0.07833333333333334 0.05325
0 0.14 0.495875 0.078 0.05125
0 0.08166666666666667 0.483375 0.08933333333333333 0.06125
0 0.5863333333333334 0.48175 0.06666666666666667 0.054
1 0.2966666666666667 0.411 0.046 0.0365