0 0.365203373015873 0.18915343915343916 0.06671626984126984 0.08267195767195767
0 0.4678819444444444 0.19345238095238096 0.04439484126984127 0.06878306878306878
0 0.5848214285714286 0.23578042328042328 0.053075396825396824 0.062169312169312166
0 0.4983878968253968 0.29050925925925924 0.04985119047619048 0.06646825396825397
0 0.4897073412698413 0.34771825396825395 0.057787698412698416 0.06514550264550265
0 0.5784970238095238 0.39269179894179895 0.045882936507936505 0.09226190476190477
0 0.511780753968254 0.7640542328042328 0.054811507936507936 0.06514550264550265
0 0.5901537698412699 0.8179563492063492 0.04538690476190476 0.06117724867724868
0 0.5234375 0.8601190476190477 0.06274801587301587 0.07804232804232804
1 0.5425347222222222 0.053736772486772486 0.05927579365079365 0.05853174603174603
1 0.6041666666666666 0.19758597883597884 0.03373015873015873 0.04332010582010582
1 0.4732142857142857 0.3864087301587302 0.05009920634920635 0.04728835978835979
1 0.45498511904761907 0.43270502645502645 0.045882936507936505 0.05853174603174603
1 0.49987599206349204 0.4254298941798942 0.04389880952380952 0.05787037037037037
1 0.48933531746031744 0.47784391534391535 0.05357142857142857 0.057539682539682536
1 0.2935267857142857 0.5236441798941799 0.03546626984126984 0.04728835978835979
1 0.3689236111111111 0.5509259259259259 0.033482142857142856 0.04894179894179894
1 0.3916170634920635 0.5730820105820106 0.031746031746031744 0.04497354497354497
1 0.423859126984127 0.5459656084656085 0.030753968253968252 0.03902116402116402
1 0.44915674603174605 0.589781746031746 0.06944444444444445 0.0539021164021164
1 0.3167162698412698 0.6410383597883598 0.04365079365079365 0.059854497354497355
1 0.3685515873015873 0.6342592592592593 0.06101190476190476 0.06547619047619048
1 0.4020337301587302 0.7331349206349206 0.036210317460317464 0.04034391534391534
1 0.3030753968253968 0.5950727513227513 0.03720238095238095 0.04398148148148148
1 0.45101686507936506 0.7372685185185185 0.05530753968253968 0.05257936507936508
1 0.5498511904761905 0.7263558201058201 0.054563492063492064 0.08630952380952381
1 0.5848214285714286 0.7204034391534392 0.022817460317460316 0.036044973544973546
1 0.5610119047619048 0.7731481481481481 0.017361111111111112 0.018518518518518517
1 0.4130704365079365 0.8968253968253969 0.040426587301587304 0.05291005291005291
1 0.4195188492063492 0.8295304232804233 0.057291666666666664 0.07043650793650794
1 0.6262400793650794 0.8581349206349206 0.040674603174603176 0.06018518518518518
1 0.667906746031746 0.810681216931217 0.03373015873015873 0.06382275132275132
1 0.6707589285714286 0.7093253968253969 0.05084325396825397 0.06283068783068783
1 0.6114831349206349 0.6466600529100529 0.03695436507936508 0.050595238095238096
1 0.6240079365079365 0.8070436507936508 0.022321428571428572 0.03406084656084656
1 0.6470734126984127 0.7992724867724867 0.020337301587301588 0.037698412698412696
1 0.7280505952380952 0.8181216931216931 0.04836309523809524 0.04497354497354497
1 0.8273809523809523 0.7526455026455027 0.03373015873015873 0.04894179894179894