0 0.7139136904761905 0.49437830687830686 0.07118055555555555 0.11243386243386243
1 0.6380208333333334 0.5378637566137566 0.09350198412698413 0.1173941798941799
1 0.9234871031746031 0.4289021164021164 0.08556547619047619 0.09126984126984126
1 0.5101686507936508 0.2113095238095238 0.06994047619047619 0.09986772486772487
1 0.5684523809523809 0.27116402116402116 0.07093253968253968 0.12962962962962962
1 0.29699900793650796 0.3232473544973545 0.08804563492063493 0.11474867724867725
1 0.37624007936507936 0.7038690476190477 0.10069444444444445 0.1550925925925926
1 0.7642609126984127 0.7291666666666666 0.08804563492063493 0.10714285714285714
1 0.8280009920634921 0.544973544973545 0.08110119047619048 0.09788359788359788
1 0.7436755952380952 0.8409391534391535 0.08655753968253968 0.12169312169312169
1 0.7637648809523809 0.9375 0.06770833333333333 0.09325396825396826
1 0.470734126984127 0.6879960317460317 0.07787698412698413 0.1087962962962963
1 0.47532242063492064 0.7896825396825397 0.061755952380952384 0.09722222222222222
1 0.5248015873015873 0.6769179894179894 0.04563492063492063 0.0701058201058201
1 0.5556795634920635 0.7680224867724867 0.10739087301587301 0.15112433862433863
1 0.41108630952380953 0.9148478835978836 0.08407738095238096 0.11673280423280423