0 0.424 0.498625 0.056666666666666664 0.04175
0 0.465 0.7905 0.07733333333333334 0.057
0 0.4608333333333333 0.7265 0.053 0.0445
0 0.8213333333333334 0.49625 0.064 0.056
0 0.785 0.5735 0.05466666666666667 0.058
0 0.6905 0.582 0.09433333333333334 0.052
1 0.44 0.645625 0.03333333333333333 0.02225
0 0.5351666666666667 0.585125 0.05633333333333333 0.04725
1 0.7561666666666667 0.54525 0.055 0.038
1 0.7748333333333334 0.454125 0.043 0.03525
1 0.31783333333333336 0.324125 0.05566666666666667 0.03725
1 0.517 0.3595 0.056 0.0445
1 0.3541666666666667 0.415125 0.05566666666666667 0.03825
1 0.06716666666666667 0.510625 0.060333333333333336 0.04525
1 0.25266666666666665 0.775375 0.044 0.04125
1 0.3416666666666667 0.743875 0.046 0.03075