0 0.2542162698412698 0.23098544973544974 0.05704365079365079 0.0763888888888889
0 0.3342013888888889 0.6202050264550265 0.06870039682539683 0.0710978835978836
0 0.39248511904761907 0.529265873015873 0.05679563492063492 0.06712962962962964
0 0.5691964285714286 0.4262566137566138 0.046130952380952384 0.06283068783068783
0 0.8232886904761905 0.44742063492063494 0.06374007936507936 0.08664021164021164
0 0.644593253968254 0.6476521164021164 0.053075396825396824 0.06448412698412699
0 0.7116815476190477 0.6808862433862434 0.056299603174603176 0.07208994708994709
1 0.44680059523809523 0.04794973544973545 0.03844246031746032 0.056216931216931214
1 0.6884920634920635 0.036210317460317464 0.052083333333333336 0.06646825396825397
1 0.761656746031746 0.09722222222222222 0.03819444444444445 0.05092592592592592
1 0.49875992063492064 0.11970899470899471 0.06299603174603174 0.0958994708994709
1 0.4601934523809524 0.11441798941798942 0.024057539682539684 0.056878306878306875
1 0.23375496031746032 0.14136904761904762 0.03050595238095238 0.03869047619047619
1 0.3396577380952381 0.15790343915343916 0.0339781746031746 0.04861111111111111
1 0.326140873015873 0.226521164021164 0.040674603174603176 0.0582010582010582
1 0.38591269841269843 0.24024470899470898 0.04513888888888889 0.06183862433862434
1 0.16865079365079366 0.25165343915343913 0.034722222222222224 0.07275132275132275
1 0.2144097222222222 0.33019179894179895 0.030009920634920636 0.04398148148148148
1 0.3345734126984127 0.3665674603174603 0.051587301587301584 0.06712962962962964
1 0.4722222222222222 0.3439153439153439 0.04712301587301587 0.07076719576719577
1 0.4149305555555556 0.3697089947089947 0.027777777777777776 0.05489417989417989
1 0.44221230158730157 0.37334656084656087 0.026785714285714284 0.03968253968253968
1 0.3959573412698413 0.42857142857142855 0.031994047619047616 0.04431216931216931
1 0.16927083333333334 0.5461309523809523 0.05431547619047619 0.06911375661375661
1 0.20250496031746032 0.6056547619047619 0.04439484126984127 0.049933862433862435
1 0.19233630952380953 0.6712962962962963 0.057291666666666664 0.05423280423280423
1 0.2863343253968254 0.6607142857142857 0.05927579365079365 0.09391534391534391
1 0.396453373015873 0.6421957671957672 0.03943452380952381 0.04497354497354497
1 0.43452380952380953 0.6030092592592593 0.027281746031746032 0.04332010582010582
1 0.4897073412698413 0.5707671957671958 0.05679563492063492 0.062169312169312166
1 0.5384424603174603 0.5884589947089947 0.04811507936507937 0.06712962962962964
1 0.4191468253968254 0.46577380952380953 0.05505952380952381 0.0796957671957672
1 0.4671378968253968 0.46296296296296297 0.043402777777777776 0.062169312169312166
1 0.47433035714285715 0.5099206349206349 0.021577380952380952 0.027116402116402115
1 0.5648561507936508 0.47701719576719576 0.037450396825396824 0.03935185185185185
1 0.5016121031746031 0.7288359788359788 0.019097222222222224 0.025793650793650792
1 0.6004464285714286 0.6243386243386243 0.051587301587301584 0.06018518518518518
1 0.6762152777777778 0.6932870370370371 0.05282738095238095 0.06316137566137567
1 0.7596726190476191 0.41947751322751325 0.06001984126984127 0.0744047619047619
1 0.7682291666666666 0.484457671957672 0.030009920634920636 0.036375661375661374
1 0.8287450396825397 0.3019179894179894 0.033482142857142856 0.056878306878306875
1 0.6336805555555556 0.37797619047619047 0.04563492063492063 0.06944444444444445
1 0.5911458333333334 0.37781084656084657 0.03943452380952381 0.05919312169312169
1 0.6083829365079365 0.3472222222222222 0.02132936507936508 0.027116402116402115
1 0.6494295634920635 0.32919973544973546 0.028521825396825396 0.03670634920634921
1 0.503968253968254 0.18783068783068782 0.027777777777777776 0.04563492063492063