1 0.5175 0.778875 0.039 0.03425
1 0.29833333333333334 0.712125 0.048 0.04225
1 0.45 0.68675 0.048666666666666664 0.039
1 0.2375 0.636875 0.060333333333333336 0.03875
1 0.5361666666666667 0.277875 0.061 0.05825
0 0.39666666666666667 0.401375 0.07466666666666667 0.05275
0 0.4688333333333333 0.409 0.08033333333333334 0.04
0 0.5845 0.282625 0.05366666666666667 0.05425
1 0.4815 0.37575 0.057666666666666665 0.043
1 0.5843333333333334 0.353375 0.052 0.04175
1 0.4026666666666667 0.513875 0.05 0.03925
1 0.17466666666666666 0.426 0.066 0.0465