0 0.3097718253968254 0.5735780423280423 0.061507936507936505 0.10482804232804233
0 0.5179811507936508 0.5143849206349206 0.06374007936507936 0.09358465608465609
0 0.5525793650793651 0.5443121693121693 0.04662698412698413 0.09722222222222222
0 0.5875496031746031 0.49404761904761907 0.06696428571428571 0.07275132275132275
0 0.5894097222222222 0.5649801587301587 0.047867063492063495 0.07572751322751323
0 0.634796626984127 0.5674603174603174 0.05580357142857143 0.07076719576719577
0 0.6484375 0.5153769841269841 0.06522817460317461 0.07374338624338625
0 0.6715029761904762 0.4611441798941799 0.05084325396825397 0.06514550264550265
0 0.6277281746031746 0.4662698412698413 0.041666666666666664 0.057539682539682536
1 0.3968253968253968 0.8855820105820106 0.03571428571428571 0.037037037037037035
1 0.1925843253968254 0.6410383597883598 0.048859126984126984 0.06977513227513228
1 0.3913690476190476 0.45105820105820105 0.050595238095238096 0.07208994708994709
1 0.22817460317460317 0.6473214285714286 0.029265873015873016 0.04927248677248677