1 0.3963333333333333 0.628125 0.06266666666666666 0.04675
1 0.549 0.6485 0.06066666666666667 0.0405
1 0.4766666666666667 0.4855 0.054 0.037
1 0.5833333333333334 0.29175 0.058 0.0445
1 0.5245 0.2815 0.05566666666666667 0.0455
1 0.7283333333333334 0.341375 0.035333333333333335 0.02575
1 0.3395 0.26825 0.043 0.0335
0 0.4663333333333333 0.26675 0.058666666666666666 0.0675
0 0.5401666666666667 0.31825 0.08366666666666667 0.057
0 0.6431666666666667 0.294125 0.063 0.04975
0 0.6396666666666667 0.3375 0.07933333333333334 0.044
0 0.5723333333333334 0.82825 0.06666666666666667 0.046