0 0.32016666666666665 0.602875 0.07833333333333334 0.06625
0 0.5606666666666666 0.79225 0.084 0.0625
0 0.6693333333333333 0.777125 0.068 0.05675
1 0.4865 0.720625 0.043 0.03275
1 0.355 0.801 0.04466666666666667 0.0335
1 0.2415 0.7785 0.057666666666666665 0.0445
1 0.14466666666666667 0.640125 0.07466666666666667 0.04925
1 0.06866666666666667 0.638125 0.072 0.04925
1 0.5306666666666666 0.593375 0.06266666666666666 0.04475
1 0.37433333333333335 0.529 0.04466666666666667 0.031
1 0.39266666666666666 0.4895 0.06333333333333334 0.0425
1 0.49233333333333335 0.434 0.056666666666666664 0.044
1 0.8395 0.5055 0.052333333333333336 0.046
1 0.3005 0.3535 0.059 0.0445
1 0.21266666666666667 0.42125 0.054 0.0385
1 0.18416666666666667 0.3915 0.039 0.029
1 0.258 0.281625 0.035333333333333335 0.03175
1 0.2905 0.264375 0.065 0.04475
1 0.21066666666666667 0.275375 0.064 0.04875