1 0.48533333333333334 0.256375 0.04066666666666666 0.02875
1 0.17933333333333334 0.618125 0.058 0.03925
1 0.5765 0.652125 0.067 0.04725
1 0.633 0.686375 0.04066666666666666 0.02825
1 0.5536666666666666 0.614125 0.066 0.05425
0 0.20716666666666667 0.645625 0.05633333333333333 0.06275
0 0.248 0.566125 0.064 0.05525
0 0.7283333333333334 0.504875 0.088 0.05725
0 0.38383333333333336 0.83325 0.07566666666666666 0.0595
0 0.46166666666666667 0.837875 0.07866666666666666 0.05675
1 0.20266666666666666 0.52225 0.04466666666666667 0.0365
1 0.6835 0.779 0.037 0.0365