0 0.354 0.68475 0.06266666666666666 0.04
1 0.5323333333333333 0.651375 0.04466666666666667 0.03225
0 0.3845 0.590625 0.065 0.04775
1 0.6765 0.722875 0.049 0.03525
1 0.4785 0.719125 0.033 0.02675
1 0.476 0.685625 0.058 0.04375
1 0.5853333333333334 0.56525 0.03666666666666667 0.03
1 0.19533333333333333 0.53225 0.062 0.039
0 0.3305 0.647375 0.051 0.04425
0 0.6108333333333333 0.42425 0.07766666666666666 0.0565
0 0.7358333333333333 0.362375 0.079 0.06025
1 0.34 0.48625 0.06533333333333333 0.0465
1 0.2843333333333333 0.58175 0.06533333333333333 0.0575
1 0.4445 0.5065 0.057 0.044
1 0.42933333333333334 0.537625 0.043333333333333335 0.03625
1 0.6201666666666666 0.498875 0.105 0.08175
1 0.4196666666666667 0.312125 0.052 0.04075
1 0.37566666666666665 0.26625 0.056666666666666664 0.0475