0 0.28683333333333333 0.316625 0.08033333333333334 0.05175
0 0.27166666666666667 0.365875 0.06933333333333333 0.05325
0 0.701 0.331125 0.08133333333333333 0.05675
0 0.7908333333333334 0.49525 0.06833333333333333 0.049
0 0.33166666666666667 0.695625 0.08133333333333333 0.05975
0 0.03383333333333333 0.577625 0.067 0.06075
1 0.0825 0.598 0.06366666666666666 0.043
1 0.5415 0.55575 0.052333333333333336 0.04
1 0.6173333333333333 0.513125 0.048666666666666664 0.03875
1 0.7345 0.54425 0.042333333333333334 0.03
1 0.4166666666666667 0.427 0.037333333333333336 0.0245
1 0.5105 0.42825 0.04033333333333333 0.027
1 0.5026666666666667 0.337875 0.043333333333333335 0.03275
1 0.6306666666666667 0.26375 0.043333333333333335 0.0305
1 0.3478333333333333 0.334875 0.061 0.04275
1 0.22516666666666665 0.443625 0.050333333333333334 0.03425
1 0.23683333333333334 0.27075 0.06766666666666667 0.047
1 0.399 0.3105 0.05533333333333333 0.042