0 0.2439236111111111 0.08432539682539683 0.044890873015873016 0.06944444444444445
0 0.23772321428571427 0.3220899470899471 0.05431547619047619 0.07076719576719577
0 0.19456845238095238 0.49503968253968256 0.0597718253968254 0.06944444444444445
0 0.3226686507936508 0.35962301587301587 0.04861111111111111 0.05787037037037037
0 0.42224702380952384 0.2648809523809524 0.04290674603174603 0.06018518518518518
0 0.5151289682539683 0.52744708994709 0.053075396825396824 0.07804232804232804
0 0.6304563492063492 0.4088955026455027 0.05952380952380952 0.09292328042328042
0 0.5773809523809523 0.2959656084656085 0.05257936507936508 0.07076719576719577
1 0.18340773809523808 0.10747354497354497 0.05233134920634921 0.07407407407407407
1 0.5675843253968254 0.05241402116402116 0.04241071428571429 0.06316137566137567
1 0.6724950396825397 0.19427910052910052 0.037450396825396824 0.05919312169312169
1 0.6259920634920635 0.02628968253968254 0.04117063492063492 0.05191798941798942
1 0.34598214285714285 0.3002645502645503 0.051587301587301584 0.06613756613756613
1 0.3376736111111111 0.4130291005291005 0.06225198412698413 0.07208994708994709
1 0.4878472222222222 0.44642857142857145 0.061507936507936505 0.07407407407407407