0 0.33394607843137253 0.1636029411764706 0.051470588235294115 0.07393790849673203
0 0.33808210784313725 0.49611928104575165 0.05116421568627451 0.054330065359477125
0 0.5386029411764706 0.5635212418300654 0.09313725490196079 0.17769607843137256
1 0.41268382352941174 0.24530228758169934 0.03860294117647059 0.046977124183006536
1 0.2928921568627451 0.3756127450980392 0.04656862745098039 0.05841503267973856
1 0.5361519607843137 0.289624183006536 0.03615196078431373 0.042483660130718956
1 0.624234068627451 0.2569444444444444 0.040747549019607844 0.05473856209150327
1 0.7264093137254902 0.18423202614379086 0.05514705882352941 0.07107843137254902
1 0.6904105392156863 0.2769607843137255 0.040747549019607844 0.06045751633986928
1 0.6187193627450981 0.4025735294117647 0.05116421568627451 0.0625
1 0.6743259803921569 0.4354575163398693 0.042279411764705885 0.05473856209150327
1 0.8340992647058824 0.34211601307189543 0.05116421568627451 0.04616013071895425
1 0.8670343137254902 0.41544117647058826 0.04350490196078431 0.056372549019607844
1 0.8489583333333334 0.747140522875817 0.0508578431372549 0.06290849673202614
1 0.8904718137254902 0.7095588235294118 0.0352328431372549 0.049019607843137254
1 0.765625 0.8843954248366013 0.04044117647058824 0.05555555555555555
1 0.8060661764705882 0.8623366013071896 0.032475490196078434 0.061274509803921566
1 0.5683210784313726 0.9475081699346405 0.04779411764705882 0.0625
1 0.4453125 0.9611928104575164 0.04442401960784314 0.04330065359477124
1 0.4964767156862745 0.7365196078431373 0.030943627450980393 0.04493464052287582
1 0.5359987745098039 0.7230392156862745 0.050551470588235295 0.06699346405228758
1 0.5199142156862745 0.6740196078431373 0.03553921568627451 0.05065359477124183
1 0.39859068627450983 0.49387254901960786 0.04840686274509804 0.05555555555555555
1 0.35860906862745096 0.5535130718954249 0.05116421568627451 0.0718954248366013
1 0.3772977941176471 0.6006944444444444 0.03462009803921569 0.039624183006535946
1 0.3147977941176471 0.6196895424836601 0.0389093137254902 0.03676470588235294
1 0.4459252450980392 0.5430964052287581 0.04442401960784314 0.0821078431372549