0 0.3629712301587302 0.3500330687830688 0.05530753968253968 0.08234126984126984
0 0.3812003968253968 0.5147156084656085 0.07490079365079365 0.10284391534391535
0 0.6067708333333334 0.6668320105820106 0.06374007936507936 0.08630952380952381
1 0.5140128968253969 0.3549933862433862 0.08209325396825397 0.09292328042328042
1 0.6945684523809523 0.3912037037037037 0.06572420634920635 0.10648148148148148
1 0.41257440476190477 0.18072089947089948 0.05927579365079365 0.09424603174603174
1 0.42398313492063494 0.2508267195767196 0.038938492063492064 0.049933862433862435
1 0.3273809523809524 0.22106481481481483 0.039186507936507936 0.05324074074074074
1 0.23201884920634921 0.5239748677248677 0.057291666666666664 0.06845238095238096
1 0.490203373015873 0.7726521164021164 0.06225198412698413 0.08101851851851852
1 0.755828373015873 0.7923280423280423 0.044890873015873016 0.057539682539682536
1 0.5869295634920635 0.41534391534391535 0.04241071428571429 0.06018518518518518
1 0.6619543650793651 0.2294973544973545 0.05654761904761905 0.06283068783068783
1 0.6625744047619048 0.1714616402116402 0.048859126984126984 0.06382275132275132
1 0.7098214285714286 0.1724537037037037 0.0496031746031746 0.06316137566137567
1 0.7855902777777778 0.12896825396825398 0.056299603174603176 0.07208994708994709
1 0.5793650793650794 0.8272156084656085 0.0496031746031746 0.09556878306878307
1 0.4879712301587302 0.5024801587301587 0.038938492063492064 0.04861111111111111
1 0.4575892857142857 0.4113756613756614 0.07093253968253968 0.0873015873015873
1 0.3929811507936508 0.3860780423280423 0.043402777777777776 0.055224867724867725