0 0.4615575396825397 0.04563492063492063 0.039186507936507936 0.05555555555555555
0 0.38665674603174605 0.26703042328042326 0.04513888888888889 0.04927248677248677
0 0.4495287698412698 0.5431547619047619 0.03794642857142857 0.05720899470899471
0 0.4884672619047619 0.5347222222222222 0.046875 0.06481481481481481
0 0.5354662698412699 0.5431547619047619 0.050595238095238096 0.06316137566137567
0 0.5584077380952381 0.5798611111111112 0.04538690476190476 0.07043650793650794
0 0.5369543650793651 0.6124338624338624 0.03819444444444445 0.07142857142857142
0 0.5100446428571429 0.5920965608465608 0.045882936507936505 0.06448412698412699
0 0.46416170634920634 0.5925925925925926 0.04935515873015873 0.061507936507936505
1 0.39112103174603174 0.07853835978835978 0.04117063492063492 0.04398148148148148
1 0.458953373015873 0.19212962962962962 0.045882936507936505 0.0582010582010582
1 0.4099702380952381 0.6443452380952381 0.030257936507936508 0.050595238095238096
1 0.47941468253968256 0.6547619047619048 0.04265873015873016 0.05291005291005291
1 0.605530753968254 0.7109788359788359 0.04141865079365079 0.05357142857142857
1 0.6052827380952381 0.484457671957672 0.04141865079365079 0.042328042328042326
1 0.759796626984127 0.3159722222222222 0.03993055555555555 0.04794973544973545