0 0.22733333333333333 0.3875 0.07933333333333334 0.06
0 0.2876666666666667 0.3755 0.07133333333333333 0.051
0 0.5321666666666667 0.43175 0.07833333333333334 0.049
0 0.19716666666666666 0.488125 0.085 0.05525
0 0.6376666666666667 0.4815 0.06266666666666666 0.0515
1 0.361 0.434375 0.06066666666666667 0.04625
1 0.33066666666666666 0.41025 0.06133333333333333 0.0445
1 0.11316666666666667 0.53925 0.06833333333333333 0.049
1 0.7463333333333333 0.4065 0.05533333333333333 0.045
1 0.669 0.410625 0.05733333333333333 0.04175
1 0.8146666666666667 0.500375 0.058666666666666666 0.03575
1 0.6371666666666667 0.370375 0.04633333333333333 0.03825
1 0.5355 0.39125 0.063 0.0365