1 0.5851666666666666 0.35375 0.037 0.0315
1 0.11233333333333333 0.495875 0.07133333333333333 0.03675
1 0.20433333333333334 0.42975 0.06866666666666667 0.0405
1 0.19733333333333333 0.4665 0.059333333333333335 0.033
1 0.7241666666666666 0.410375 0.05566666666666667 0.03575
1 0.765 0.434375 0.07933333333333334 0.04725
1 0.8355 0.409625 0.035 0.02425
1 0.6918333333333333 0.485875 0.083 0.05125
0 0.7515 0.468625 0.063 0.03475
1 0.652 0.666875 0.056666666666666664 0.04425
1 0.4036666666666667 0.558125 0.06333333333333334 0.05025
1 0.31983333333333336 0.601 0.07433333333333333 0.037
1 0.2925 0.723125 0.055 0.04725
1 0.3645 0.8125 0.06366666666666666 0.064
1 0.41433333333333333 0.816625 0.059333333333333335 0.05875
1 0.5423333333333333 0.653375 0.050666666666666665 0.04975
1 0.6066666666666667 0.620375 0.04066666666666666 0.02825
1 0.1865 0.6595 0.06166666666666667 0.043
1 0.6695 0.558875 0.043 0.02725
1 0.44966666666666666 0.56375 0.043333333333333335 0.0385