1 0.343 0.28775 0.062 0.038
1 0.3501666666666667 0.323625 0.057 0.03925
1 0.3385 0.68725 0.041 0.0335
1 0.22983333333333333 0.645125 0.04766666666666667 0.03575
1 0.22166666666666668 0.594875 0.07133333333333333 0.04675
1 0.43583333333333335 0.681625 0.035666666666666666 0.03125
0 0.3665 0.735375 0.06966666666666667 0.05325
0 0.4846666666666667 0.715125 0.056 0.05275
0 0.5016666666666667 0.60625 0.06466666666666666 0.0615
0 0.40066666666666667 0.58125 0.06666666666666667 0.0475
1 0.476 0.298625 0.066 0.04725
1 0.49883333333333335 0.328375 0.055 0.03825
1 0.5418333333333333 0.3365 0.069 0.038
1 0.48733333333333334 0.659125 0.058 0.04775