0 0.03833333333333333 0.479125 0.076 0.06525
0 0.23933333333333334 0.29775 0.08533333333333333 0.0735
0 0.6466666666666666 0.478875 0.072 0.05275
0 0.4721666666666667 0.528 0.081 0.056
0 0.3995 0.4825 0.053 0.0635
0 0.5701666666666667 0.508625 0.061 0.04825
0 0.5691666666666667 0.548625 0.07833333333333334 0.04225
1 0.6576666666666666 0.554625 0.034666666666666665 0.02425
1 0.6786666666666666 0.527625 0.04066666666666666 0.02725
1 0.587 0.479 0.05333333333333334 0.034
1 0.5135 0.506 0.057666666666666665 0.042
1 0.4543333333333333 0.49575 0.05333333333333334 0.0385
1 0.272 0.48475 0.042 0.03
1 0.6926666666666667 0.49825 0.056666666666666664 0.044