1 0.22533333333333333 0.4855 0.048666666666666664 0.04
1 0.32666666666666666 0.616375 0.056 0.04075
1 0.373 0.57825 0.051333333333333335 0.036
1 0.21183333333333335 0.579625 0.06566666666666666 0.04325
0 0.5288333333333334 0.288375 0.075 0.04725
0 0.07266666666666667 0.506375 0.08666666666666667 0.06325
0 0.20733333333333334 0.686125 0.076 0.05025
0 0.33416666666666667 0.659875 0.053 0.04625
0 0.5051666666666667 0.657875 0.06633333333333333 0.05125
0 0.5816666666666667 0.575375 0.06866666666666667 0.05275
1 0.1285 0.535875 0.085 0.06825