0 0.3626666666666667 0.435125 0.08533333333333333 0.06725
0 0.6936666666666667 0.6215 0.06133333333333333 0.0555
0 0.754 0.61725 0.06266666666666666 0.045
0 0.49233333333333335 0.5195 0.058666666666666666 0.0525
0 0.16983333333333334 0.466875 0.073 0.04875
0 0.458 0.441875 0.066 0.03675
0 0.361 0.650625 0.062 0.04175
0 0.3396666666666667 0.620625 0.06333333333333334 0.05175
1 0.66 0.65575 0.04933333333333333 0.0395
1 0.4513333333333333 0.609375 0.050666666666666665 0.03525
1 0.5491666666666667 0.59675 0.037 0.031
1 0.6608333333333334 0.53225 0.042333333333333334 0.027
1 0.6733333333333333 0.514 0.048 0.021
1 0.5981666666666666 0.482125 0.041666666666666664 0.03025
1 0.44233333333333336 0.8265 0.048666666666666664 0.0405
1 0.5341666666666667 0.7945 0.043666666666666666 0.0365
1 0.3948333333333333 0.754125 0.042333333333333334 0.03675