0 0.39273313492063494 0.3470568783068783 0.05233134920634921 0.05324074074074074
0 0.45163690476190477 0.460978835978836 0.04662698412698413 0.06084656084656084
0 0.3844246031746032 0.5011574074074074 0.04712301587301587 0.06382275132275132
0 0.4036458333333333 0.5990410052910053 0.04439484126984127 0.0625
0 0.37686011904761907 0.828207671957672 0.07614087301587301 0.09821428571428571
0 0.5151289682539683 0.6550925925925926 0.05257936507936508 0.06415343915343916
0 0.581969246031746 0.83994708994709 0.04389880952380952 0.06481481481481481
0 0.6821676587301587 0.578207671957672 0.045882936507936505 0.07903439153439154
0 0.6223958333333334 0.5322420634920635 0.046875 0.05787037037037037
0 0.6915922619047619 0.3655753968253968 0.04836309523809524 0.06712962962962964
0 0.7155257936507936 0.2777777777777778 0.041666666666666664 0.06283068783068783
1 0.3267609126984127 0.12334656084656084 0.03298611111111111 0.04894179894179894
1 0.27455357142857145 0.20320767195767195 0.03571428571428571 0.054563492063492064
1 0.39719742063492064 0.19874338624338625 0.05233134920634921 0.06283068783068783
1 0.4453125 0.1701388888888889 0.04389880952380952 0.05257936507936508
1 0.4573412698412698 0.22817460317460317 0.047619047619047616 0.07539682539682539
1 0.4088541666666667 0.2534722222222222 0.037450396825396824 0.05191798941798942
1 0.5453869047619048 0.25148809523809523 0.03571428571428571 0.04794973544973545
1 0.3566468253968254 0.32771164021164023 0.03422619047619048 0.05952380952380952
1 0.47693452380952384 0.3855820105820106 0.05803571428571429 0.07473544973544974
1 0.5043402777777778 0.416005291005291 0.0220734126984127 0.0291005291005291
1 0.22941468253968253 0.2845568783068783 0.04712301587301587 0.06117724867724868
1 0.2058531746031746 0.46494708994708994 0.040674603174603176 0.056878306878306875
1 0.24268353174603174 0.5486111111111112 0.04092261904761905 0.05357142857142857
1 0.17993551587301587 0.33895502645502645 0.018601190476190476 0.027116402116402115
1 0.15711805555555555 0.5509259259259259 0.031001984126984128 0.03902116402116402
1 0.17038690476190477 0.6130952380952381 0.04513888888888889 0.08597883597883597
1 0.19977678571428573 0.6410383597883598 0.0220734126984127 0.02943121693121693
1 0.22333829365079366 0.6607142857142857 0.026041666666666668 0.027777777777777776
1 0.20944940476190477 0.6116071428571429 0.026041666666666668 0.034722222222222224
1 0.35143849206349204 0.560515873015873 0.033234126984126984 0.04298941798941799
1 0.33878968253968256 0.6122685185185185 0.0625 0.06382275132275132
1 0.37475198412698413 0.6478174603174603 0.020833333333333332 0.031084656084656083
1 0.35181051587301587 0.6785714285714286 0.050347222222222224 0.06547619047619048
1 0.30753968253968256 0.6810515873015873 0.039186507936507936 0.05654761904761905
1 0.3939732142857143 0.7609126984126984 0.043402777777777776 0.057539682539682536
1 0.4661458333333333 0.6960978835978836 0.04538690476190476 0.051587301587301584
1 0.4696180555555556 0.6263227513227513 0.03546626984126984 0.047619047619047616
1 0.4601934523809524 0.5181878306878307 0.045882936507936505 0.06018518518518518
1 0.46081349206349204 0.8290343915343915 0.0441468253968254 0.06415343915343916
1 0.498015873015873 0.8019179894179894 0.050595238095238096 0.06283068783068783
1 0.5626240079365079 0.654265873015873 0.03447420634920635 0.04927248677248677
1 0.753968253968254 0.6708002645502645 0.043154761904761904 0.08432539682539683
1 0.8255208333333334 0.37962962962962965 0.05133928571428571 0.06415343915343916
1 0.8637152777777778 0.39632936507936506 0.027529761904761904 0.06448412698412699
1 0.8891369047619048 0.42824074074074076 0.036210317460317464 0.046296296296296294
1 0.8333333333333334 0.3100198412698413 0.03819444444444445 0.03736772486772487
1 0.6060267857142857 0.4728835978835979 0.023561507936507936 0.047619047619047616
1 0.5784970238095238 0.4262566137566138 0.031994047619047616 0.03902116402116402
1 0.6059027777777778 0.42046957671957674 0.026785714285714284 0.034722222222222224
1 0.6433531746031746 0.3890542328042328 0.044642857142857144 0.06117724867724868
1 0.6166914682539683 0.33548280423280424 0.024057539682539684 0.030753968253968252
1 0.6321924603174603 0.3125 0.030257936507936508 0.032407407407407406
1 0.6449652777777778 0.33465608465608465 0.027529761904761904 0.03042328042328042
1 0.6329365079365079 0.2620701058201058 0.03373015873015873 0.04662698412698413
1 0.613343253968254 0.2425595238095238 0.042162698412698416 0.044642857142857144
1 0.35652281746031744 0.4755291005291005 0.03298611111111111 0.03902116402116402
1 0.36061507936507936 0.4363425925925926 0.05009920634920635 0.04794973544973545
1 0.41282242063492064 0.45023148148148145 0.031001984126984128 0.028108465608465607
1 0.40749007936507936 0.421957671957672 0.031746031746031744 0.03571428571428571