0 0.42830882352941174 0.3472222222222222 0.05269607843137255 0.05800653594771242
0 0.8230698529411765 0.3888888888888889 0.060355392156862746 0.061274509803921566
0 0.5427389705882353 0.5608660130718954 0.06464460784313726 0.0915032679738562
1 0.6750919117647058 0.13459967320261437 0.06096813725490196 0.08782679738562091
1 0.8112745098039216 0.2661356209150327 0.05821078431372549 0.07883986928104575
1 0.7653186274509803 0.3562091503267974 0.049019607843137254 0.0661764705882353
1 0.7835477941176471 0.39133986928104575 0.029105392156862746 0.04738562091503268
1 0.7423406862745098 0.4354575163398693 0.0392156862745098 0.049836601307189546
1 0.7527573529411765 0.4889705882352941 0.041666666666666664 0.05555555555555555
1 0.75 0.6049836601307189 0.025735294117647058 0.03431372549019608
1 0.7691482843137255 0.6325571895424836 0.024816176470588234 0.03308823529411765
1 0.7861519607843137 0.6501225490196079 0.029411764705882353 0.026552287581699346
1 0.8095894607843137 0.6601307189542484 0.030330882352941176 0.035130718954248366
1 0.8319546568627451 0.6537990196078431 0.02665441176470588 0.03553921568627451
1 0.7645526960784313 0.7369281045751634 0.02665441176470588 0.031862745098039214
1 0.7406556372549019 0.7097630718954249 0.043198529411764705 0.0559640522875817
1 0.7389705882352942 0.6488970588235294 0.0428921568627451 0.06004901960784314
1 0.7912071078431373 0.6926062091503268 0.05116421568627451 0.060866013071895424
1 0.8276654411764706 0.7228349673202614 0.05177696078431373 0.0625
1 0.8520220588235294 0.622140522875817 0.03676470588235294 0.05718954248366013
1 0.8589154411764706 0.5657679738562091 0.048100490196078434 0.05555555555555555
1 0.8973651960784313 0.5508578431372549 0.04779411764705882 0.061683006535947715
1 0.8938419117647058 0.6115196078431373 0.05545343137254902 0.06699346405228758
1 0.8953737745098039 0.6607434640522876 0.04442401960784314 0.037173202614379085
1 0.8848039215686274 0.7144607843137255 0.03431372549019608 0.051470588235294115
1 0.8299632352941176 0.7832924836601307 0.05024509803921569 0.05923202614379085
1 0.8246017156862745 0.8347630718954249 0.045649509803921566 0.05269607843137255
1 0.7787990196078431 0.8059640522875817 0.04411764705882353 0.05392156862745098
1 0.7489276960784313 0.8504901960784313 0.04993872549019608 0.06862745098039216
1 0.7935049019607843 0.8686683006535948 0.044730392156862746 0.060866013071895424
1 0.7346813725490197 0.8991013071895425 0.05698529411764706 0.0784313725490196
1 0.7778799019607843 0.928921568627451 0.04044117647058824 0.05800653594771242
1 0.664828431372549 0.8555964052287581 0.025122549019607844 0.042075163398692814
1 0.6870404411764706 0.863562091503268 0.024816176470588234 0.04003267973856209
1 0.6493566176470589 0.7571486928104575 0.05545343137254902 0.07965686274509803
1 0.6139705882352942 0.8229166666666666 0.029411764705882353 0.0363562091503268
1 0.5860906862745098 0.8304738562091504 0.02389705882352941 0.03758169934640523
1 0.5727634803921569 0.8713235294117647 0.02542892156862745 0.03758169934640523
1 0.5323223039215687 0.9070669934640523 0.04258578431372549 0.07148692810457516
1 0.46675857843137253 0.9526143790849673 0.046262254901960786 0.05228758169934641
1 0.48575367647058826 0.9035947712418301 0.043198529411764705 0.06454248366013073
1 0.6332720588235294 0.6858660130718954 0.04105392156862745 0.05228758169934641
1 0.5969669117647058 0.6887254901960784 0.03462009803921569 0.056372549019607844
1 0.5723039215686274 0.6680964052287581 0.030637254901960783 0.04370915032679738
1 0.5609681372549019 0.7152777777777778 0.0428921568627451 0.04738562091503268
1 0.5514705882352942 0.7495915032679739 0.05943627450980392 0.04003267973856209
1 0.5079656862745098 0.7265114379084967 0.03615196078431373 0.051879084967320264
1 0.5306372549019608 0.6785130718954249 0.06372549019607843 0.07598039215686274
1 0.5332414215686274 0.7937091503267973 0.036458333333333336 0.05392156862745098
1 0.5188419117647058 0.8347630718954249 0.043198529411764705 0.060866013071895424
1 0.49463848039215685 0.7767565359477124 0.046262254901960786 0.07148692810457516
1 0.45787377450980393 0.7636846405228758 0.04503676470588235 0.06740196078431372
1 0.43596813725490197 0.8306781045751634 0.037377450980392156 0.060866013071895424
1 0.47640931372549017 0.8343545751633987 0.04350490196078431 0.06331699346405228
1 0.48330269607843135 0.8686683006535948 0.06832107843137254 0.039624183006535946
1 0.2604166666666667 0.8731617647058824 0.044730392156862746 0.0625
1 0.3059129901960784 0.8496732026143791 0.03829656862745098 0.05310457516339869
1 0.3314950980392157 0.8104575163398693 0.04044117647058824 0.042483660130718956
1 0.3443627450980392 0.7675653594771242 0.023284313725490197 0.03676470588235294
1 0.31893382352941174 0.7593954248366013 0.04044117647058824 0.05392156862745098
1 0.4522058823529412 0.6991421568627451 0.06433823529411764 0.07066993464052287
1 0.5424325980392157 0.6227532679738562 0.04381127450980392 0.04125816993464052
1 0.5968137254901961 0.5586192810457516 0.031862745098039214 0.039624183006535946
1 0.34941789215686275 0.6687091503267973 0.04197303921568627 0.05392156862745098
1 0.44454656862745096 0.6362336601307189 0.0428921568627451 0.0559640522875817
1 0.4954044117647059 0.6115196078431373 0.03002450980392157 0.04738562091503268
1 0.42401960784313725 0.5933415032679739 0.05269607843137255 0.054330065359477125
1 0.4612438725490196 0.5488153594771242 0.04136029411764706 0.046977124183006536
1 0.38893995098039214 0.5610702614379085 0.04442401960784314 0.05759803921568627
1 0.18259803921568626 0.6795343137254902 0.04656862745098039 0.05759803921568627
1 0.16927083333333334 0.6272467320261438 0.04503676470588235 0.08374183006535947
1 0.22196691176470587 0.5614787581699346 0.060355392156862746 0.07720588235294118
1 0.2734375 0.5749591503267973 0.057291666666666664 0.07965686274509803
1 0.4166666666666667 0.5024509803921569 0.03860294117647059 0.05555555555555555
1 0.4450061274509804 0.5106209150326797 0.020526960784313725 0.03676470588235294
1 0.37668504901960786 0.48223039215686275 0.046875 0.06004901960784314
1 0.4146752450980392 0.4426062091503268 0.0272671568627451 0.030637254901960783
1 0.37224264705882354 0.4287173202614379 0.025735294117647058 0.03553921568627451
1 0.33639705882352944 0.4777369281045752 0.03982843137254902 0.05106209150326797
1 0.30193014705882354 0.463031045751634 0.03952205882352941 0.04616013071895425
1 0.2691482843137255 0.47937091503267976 0.04381127450980392 0.05759803921568627
1 0.2922794117647059 0.41830065359477125 0.0545343137254902 0.06699346405228758
1 0.3091299019607843 0.5069444444444444 0.029411764705882353 0.03104575163398693
1 0.41620710784313725 0.38991013071895425 0.0272671568627451 0.0298202614379085
1 0.3779105392156863 0.3678513071895425 0.046875 0.060866013071895424
1 0.3249080882352941 0.38500816993464054 0.03278186274509804 0.03799019607843137
1 0.3449754901960784 0.3400735294117647 0.06495098039215687 0.08374183006535947
1 0.30422794117647056 0.3335375816993464 0.026348039215686275 0.056781045751633986
1 0.27619485294117646 0.30575980392156865 0.046262254901960786 0.05514705882352941
1 0.30193014705882354 0.25449346405228757 0.07138480392156862 0.0857843137254902
1 0.2533700980392157 0.2636846405228758 0.027573529411764705 0.06331699346405228
1 0.22947303921568626 0.2651143790849673 0.02267156862745098 0.042483660130718956
1 0.25643382352941174 0.2048611111111111 0.028799019607843136 0.04044117647058824
1 0.3014705882352941 0.17851307189542484 0.05759803921568627 0.07026143790849673
1 0.4950980392156863 0.32659313725490197 0.03308823529411765 0.044526143790849675
1 0.49004289215686275 0.25592320261437906 0.05667892156862745 0.07230392156862746
1 0.5372242647058824 0.2555147058823529 0.03707107843137255 0.05841503267973856
1 0.5808823529411765 0.3098447712418301 0.04718137254901961 0.060866013071895424
1 0.538296568627451 0.3445669934640523 0.04840686274509804 0.061683006535947715
1 0.6753982843137255 0.34763071895424835 0.03216911764705882 0.04820261437908497
1 0.7271752450980392 0.1437908496732026 0.029105392156862746 0.035130718954248366