0 0.6058333333333333 0.356625 0.075 0.06625
0 0.6868333333333333 0.3665 0.093 0.0535
0 0.6096666666666667 0.437875 0.056666666666666664 0.05575
0 0.675 0.437125 0.07466666666666667 0.04575
0 0.26866666666666666 0.565625 0.06666666666666667 0.04175
1 0.5465 0.398875 0.057 0.03575
1 0.5365 0.436 0.07433333333333333 0.0405
1 0.5346666666666666 0.471 0.03666666666666667 0.03
1 0.5678333333333333 0.49025 0.03166666666666667 0.032
1 0.6588333333333334 0.466125 0.057666666666666665 0.03925
1 0.7288333333333333 0.440625 0.043 0.04075
1 0.581 0.413125 0.03266666666666666 0.03025
1 0.4786666666666667 0.64825 0.05333333333333334 0.041
1 0.5093333333333333 0.674875 0.066 0.05675
1 0.4685 0.773375 0.05566666666666667 0.04825
1 0.32066666666666666 0.58375 0.059333333333333335 0.0435