0 0.38466666666666666 0.255125 0.07466666666666667 0.04675
0 0.36183333333333334 0.736875 0.07433333333333333 0.05275
0 0.4256666666666667 0.6635 0.06933333333333333 0.0455
0 0.4231666666666667 0.730875 0.06566666666666666 0.05075
0 0.3845 0.77125 0.05566666666666667 0.039
0 0.3486666666666667 0.693 0.08466666666666667 0.0595
0 0.25716666666666665 0.663 0.069 0.0535
0 0.42233333333333334 0.497125 0.062 0.04975
0 0.7668333333333334 0.528375 0.06433333333333334 0.04075
0 0.7168333333333333 0.542875 0.061 0.04625
1 0.7673333333333333 0.458125 0.076 0.07325
1 0.8148333333333333 0.466875 0.06766666666666667 0.04525
1 0.7018333333333333 0.484375 0.04833333333333333 0.02925
1 0.7105 0.51075 0.050333333333333334 0.027
1 0.4633333333333333 0.57075 0.04933333333333333 0.031
1 0.2803333333333333 0.627625 0.04 0.02575
1 0.30883333333333335 0.6015 0.039 0.027
1 0.3348333333333333 0.58225 0.06166666666666667 0.039
1 0.25133333333333335 0.597625 0.05 0.03075
1 0.1985 0.583875 0.041666666666666664 0.02725
1 0.2015 0.615125 0.060333333333333336 0.04075
1 0.14433333333333334 0.636375 0.03866666666666667 0.05225
1 0.211 0.648125 0.056666666666666664 0.05575
1 0.31133333333333335 0.446125 0.050666666666666665 0.03325
1 0.19666666666666666 0.41675 0.06333333333333334 0.0445
1 0.14966666666666667 0.382625 0.04933333333333333 0.02875
1 0.27 0.5065 0.034666666666666665 0.0275