0 0.15933375235700817 0.27013989387361315 0.17284726587052168 0.13410516160154365
0 0.6059082338152105 0.21008200675349734 0.14959145191703332 0.14809454896285576
0 0.4714016341923319 0.31669078630004827 0.1508485229415462 0.09792571152918475
0 0.5307982401005656 0.39001447178002896 0.1715901948460088 0.12108055957549445
0 0.44437460716530486 0.4843222383019778 0.14833438089252043 0.11384466956102267
0 0.08768070395977373 0.46068499758803666 0.16404776869893148 0.120598166907863
0 0.08139534883720931 0.6702846116739025 0.16153362664990573 0.1548480463096961
0 0.5527969830295412 0.648818137964303 0.16907605279698304 0.120598166907863
0 0.6769327467001885 0.7440906898215147 0.16593337523570081 0.1287988422575977
1 0.32432432432432434 0.10082006753497347 0.11313639220615965 0.08876025084418716
1 0.40886235072281585 0.12566328991799325 0.10873664362036455 0.08731307284129282
1 0.4484600879949717 0.05185721177038109 0.1049654305468259 0.07863000482392668
1 0.25424261470773096 0.12638687891944042 0.06222501571338781 0.0482392667631452
1 0.17536140791954746 0.14978292329956586 0.11565053425518541 0.1104679208876025
1 0.06316781898177247 0.12759286058851904 0.12005028284098052 0.13072841292812348
1 0.10339409176618479 0.20718765074770865 0.06473915776241358 0.052580800771828265
1 0.25769956002514144 0.23323685479980705 0.10307982401005657 0.10082006753497347
1 0.08076681332495286 0.33550410033767486 0.14393463230672532 0.11625663289917994
1 0.12067881835323696 0.3979739507959479 0.04902576995600252 0.03087313072841293
1 0.19673161533626649 0.36468885672937773 0.08925204274041483 0.06657018813314038
1 0.37554996857322437 0.2698986975397974 0.0785669390320553 0.049686444766039554
1 0.44028912633563794 0.24939700916546068 0.06851037083595223 0.045344910757356485
1 0.41043368950345693 0.20574047274481427 0.10307982401005657 0.09020742884708152
1 0.6162790697674418 0.10902074288470816 0.1125078566939032 0.0945489628557646
1 0.6923318667504714 0.04582730342498794 0.12884978001257072 0.07621804148576941
1 0.740100565681961 0.11167390255668114 0.1552482715273413 0.09889049686444766
1 0.8350094280326839 0.12108055957549445 0.13387806411062225 0.09068982151471297
1 0.937460716530484 0.10684997588036661 0.06222501571338781 0.05547515677761698
1 0.7300439974858579 0.18885672937771347 0.1049654305468259 0.08731307284129282
1 0.8265241986172219 0.20839363241678727 0.14456316781898176 0.09261939218523878
1 0.7913262099308611 0.2942595272551857 0.14079195474544312 0.10612638687891944
1 0.6552482715273413 0.3465991316931983 0.13010685103708358 0.10371442354076219
1 0.6995600251414205 0.30125422093584175 0.07165304839723445 0.0371442354076218
1 0.8774355751099937 0.30849011095031353 0.04776869893148963 0.04293294741919923
1 0.9164047768698932 0.3579353593825374 0.12319296040226273 0.09165460684997588
1 0.7844123192960403 0.38060781476121563 0.1433060967944689 0.08683068017366136
1 0.7416719044626021 0.45706705258080077 0.1257071024512885 0.10564399421128799
1 0.9327467001885607 0.47081524360829713 0.12067881835323696 0.0964785335262904
1 0.6326209930861094 0.44934876989869754 0.10747957259585167 0.11336227689339122
1 0.3381521055939661 0.3314037626628075 0.10936517913262099 0.08490110950313555
1 0.4035197988686361 0.39266763145200195 0.10433689503456946 0.08200675349734685
1 0.5578252671275927 0.47829232995658466 0.10873664362036455 0.08827785817655572
1 0.352294154619736 0.4368065605402798 0.12256442489000628 0.10178485287023638
1 0.2369578881206788 0.4249879401833092 0.12696417347580138 0.11095031355523396
1 0.2900691389063482 0.5057887120115774 0.13639220615964803 0.10660877954655089
1 0.18384663733500942 0.5385914134105162 0.13513513513513514 0.08055957549445249
1 0.20081709616593338 0.6297636275928606 0.14267756128221246 0.10178485287023638
1 0.3287240729101194 0.5670525808007718 0.12319296040226273 0.09696092619392185
1 0.4299182903834067 0.5721177038109021 0.12067881835323696 0.07814761215629522
1 0.5873664362036455 0.5566811384466956 0.16153362664990573 0.08876025084418716
1 0.7067881835323696 0.6314520019295706 0.1213073538654934 0.10419681620839363
1 0.7910119421747329 0.6702846116739025 0.11125078566939033 0.07380607814761216
1 0.8733500942803268 0.6994693680656054 0.11879321181646763 0.07525325615050651
1 0.36863607793840353 0.6690786300048239 0.11879321181646763 0.10516160154365653
1 0.3988057825267128 0.7638687891944043 0.13387806411062225 0.09117221418234443
1 0.20741671904462602 0.7501205981669079 0.16216216216216217 0.15340086830680175
1 0.09239472030169704 0.8806078147612156 0.1257071024512885 0.09310178485287024
1 0.390634820867379 0.8719247467438495 0.11125078566939033 0.08634828750602991
1 0.6807039597737272 0.8784370477568741 0.18604651162790697 0.17269657501205982
1 0.5188560653676932 0.7366136034732272 0.10999371464487744 0.08683068017366136
1 0.5502828409805154 0.8070429329474192 0.11376492771841609 0.09068982151471297
1 0.3120678818353237 0.9211287988422576 0.07730986800754243 0.049686444766039554
1 0.22281583909490887 0.9097925711529185 0.07479572595851666 0.05885190545103714
1 0.18133249528598366 0.9691268692715871 0.10999371464487744 0.06174626145682586
1 0.41734758013827783 0.9394597202122528 0.08045254556882464 0.07477086348287507