0 0.5804227941176471 0.6070261437908496 0.13143382352941177 0.1437908496732026
1 0.20481004901960784 0.5402369281045751 0.04932598039215686 0.0690359477124183
1 0.25765931372549017 0.608251633986928 0.061274509803921566 0.0915032679738562
1 0.4768688725490196 0.39338235294117646 0.05667892156862745 0.07434640522875817
1 0.5526960784313726 0.5287990196078431 0.05024509803921569 0.061683006535947715
1 0.6348039215686274 0.5296160130718954 0.05269607843137255 0.0690359477124183
1 0.5856311274509803 0.7561274509803921 0.046875 0.06290849673202614
1 0.5634191176470589 0.6985294117647058 0.05330882352941176 0.06290849673202614
1 0.8129595588235294 0.559640522875817 0.06219362745098039 0.08006535947712418
1 0.8935355392156863 0.3396650326797386 0.053002450980392156 0.0763888888888889
1 0.8118872549019608 0.31924019607843135 0.05269607843137255 0.06985294117647059
1 0.7729779411764706 0.1823937908496732 0.049019607843137254 0.07230392156862746
1 0.6602328431372549 0.1687091503267974 0.05943627450980392 0.06781045751633986