0 0.1745 0.42275 0.073 0.0465
0 0.5553333333333333 0.377375 0.09066666666666667 0.06375
0 0.6843333333333333 0.3725 0.07066666666666667 0.0485
0 0.7285 0.7065 0.08766666666666667 0.063
0 0.7801666666666667 0.659 0.09433333333333334 0.07
0 0.2996666666666667 0.73425 0.07133333333333333 0.049
1 0.3233333333333333 0.489125 0.06666666666666667 0.03675
1 0.43766666666666665 0.457125 0.062 0.04725
1 0.5656666666666667 0.5335 0.05 0.034
1 0.735 0.4845 0.052 0.0375
1 0.633 0.393125 0.062 0.04525
1 0.19866666666666666 0.284625 0.06666666666666667 0.05375