0 0.15766666666666668 0.311375 0.068 0.04325
0 0.13933333333333334 0.360375 0.08333333333333333 0.05025
0 0.5205 0.32575 0.06566666666666666 0.05
0 0.14116666666666666 0.486875 0.079 0.06275
0 0.59 0.763625 0.076 0.06075
0 0.472 0.6105 0.06866666666666667 0.054
0 0.6918333333333333 0.562875 0.063 0.05125
0 0.6171666666666666 0.528125 0.07166666666666667 0.04375
0 0.756 0.7335 0.072 0.0575
1 0.191 0.440625 0.058 0.04175
1 0.20683333333333334 0.5205 0.07833333333333334 0.0505
1 0.3566666666666667 0.2425 0.054 0.0435
1 0.6361666666666667 0.5725 0.052333333333333336 0.048
1 0.7576666666666667 0.58275 0.048666666666666664 0.0375
1 0.4826666666666667 0.5675 0.051333333333333335 0.0405
1 0.4695 0.654375 0.063 0.03875
1 0.23383333333333334 0.643125 0.06566666666666666 0.04325
1 0.096 0.37675 0.062 0.052