0 0.4366319444444444 0.21164021164021163 0.08258928571428571 0.09986772486772487
0 0.3185763888888889 0.546792328042328 0.048859126984126984 0.07043650793650794
0 0.48896329365079366 0.5922619047619048 0.04389880952380952 0.06812169312169312
0 0.49987599206349204 0.45205026455026454 0.044890873015873016 0.06547619047619048
0 0.5760168650793651 0.4522156084656085 0.054811507936507936 0.06514550264550265
0 0.5104166666666666 0.7124669312169312 0.05505952380952381 0.07043650793650794
0 0.660218253968254 0.5914351851851852 0.05505952380952381 0.07771164021164022
1 0.48226686507936506 0.04877645502645503 0.07564484126984126 0.09358465608465609
1 0.1739831349206349 0.20023148148148148 0.04290674603174603 0.05853174603174603
1 0.29365079365079366 0.3040674603174603 0.056051587301587304 0.06316137566137567
1 0.23549107142857142 0.3506944444444444 0.037450396825396824 0.05720899470899471
1 0.529265873015873 0.2708333333333333 0.04265873015873016 0.06613756613756613
1 0.38157242063492064 0.18898809523809523 0.04538690476190476 0.06779100529100529
1 0.5055803571428571 0.3447420634920635 0.06919642857142858 0.0916005291005291
1 0.7294146825396826 0.3073743386243386 0.051587301587301584 0.06580687830687831
1 0.8172123015873016 0.23115079365079366 0.0248015873015873 0.032407407407407406
1 0.7628968253968254 0.43783068783068785 0.042162698412698416 0.05092592592592592
1 0.5479910714285714 0.4211309523809524 0.031994047619047616 0.054563492063492064
1 0.5348462301587301 0.4753637566137566 0.0339781746031746 0.04728835978835979
1 0.6927083333333334 0.49404761904761907 0.04117063492063492 0.05291005291005291
1 0.644593253968254 0.5076058201058201 0.03720238095238095 0.041005291005291
1 0.7457837301587301 0.5775462962962963 0.040674603174603176 0.05191798941798942
1 0.7180059523809523 0.6026785714285714 0.036210317460317464 0.040674603174603176
1 0.7679811507936508 0.7308201058201058 0.04290674603174603 0.051587301587301584
1 0.6803075396825397 0.6832010582010583 0.043154761904761904 0.037037037037037035
1 0.5540674603174603 0.5679563492063492 0.03869047619047619 0.04927248677248677
1 0.45610119047619047 0.49404761904761907 0.05406746031746032 0.06481481481481481
1 0.359375 0.4799933862433862 0.053075396825396824 0.07572751322751323
1 0.31994047619047616 0.4740410052910053 0.04017857142857143 0.055224867724867725
1 0.3634672619047619 0.5512566137566137 0.03844246031746032 0.061507936507936505
1 0.16480654761904762 0.5911044973544973 0.027529761904761904 0.05191798941798942
1 0.20027281746031747 0.5796957671957672 0.057787698412698416 0.09523809523809523
1 0.24764384920634921 0.7114748677248677 0.03447420634920635 0.044642857142857144
1 0.30592757936507936 0.785218253968254 0.033482142857142856 0.040013227513227514
1 0.45262896825396826 0.8416005291005291 0.033234126984126984 0.04563492063492063
1 0.48139880952380953 0.9298941798941799 0.027281746031746032 0.028439153439153438
1 0.5146329365079365 0.9131944444444444 0.047619047619047616 0.05654761904761905
1 0.4412202380952381 0.7607473544973545 0.052083333333333336 0.07175925925925926
1 0.6748511904761905 0.8141534391534392 0.03869047619047619 0.04497354497354497
1 0.6529017857142857 0.8485449735449735 0.03298611111111111 0.04563492063492063
1 0.4830109126984127 0.7392526455026455 0.029513888888888888 0.040674603174603176
1 0.5070684523809523 0.7802579365079365 0.046378968253968256 0.06382275132275132