0 0.5782405605293889 0.16164292812189468 0.11483067341377969 0.11129513083802584
0 0.5155702608018684 0.3539251407750911 0.08291163876994939 0.0665783371977476
0 0.7855196574542623 0.37247432924809537 0.14168937329700274 0.10831401126200729
0 0.22888283378746593 0.46174229877442863 0.06695212144803425 0.059622391520370986
0 0.1718567536006228 0.5296455780059622 0.07979758660957571 0.07088439880755217
0 0.039314908524717786 0.5839682013911891 0.07707279096924874 0.07817157999337529
0 0.36570650058388476 0.6594898973169924 0.09848189957181783 0.07154686982444518
0 0.40463215258855584 0.7456111295130838 0.0688984040482678 0.05697250745279894
0 0.2970027247956403 0.7297118251076515 0.09108602569093033 0.09937065253395164
0 0.23861424678863372 0.7802252401457436 0.09342156481121058 0.08115269956939383
1 0.5299727520435967 0.6833388539251408 0.06344881276761385 0.0543226233852269
1 0.13156870377578825 0.7321960914210003 0.06383806928766057 0.052003974826101355
1 0.10977033865317244 0.6442530639284532 0.05838847800700662 0.05564756541901292
1 0.06948228882833787 0.6354753229546207 0.05099260412611911 0.048691619741636306
1 0.3542234332425068 0.5440543226233853 0.06383806928766057 0.06326598211328255
1 0.04009342156481121 0.515071215634316 0.07006617360840794 0.05763497846969195
1 0.2954456987154535 0.39715137462736005 0.08563643441027637 0.06955945677376615
1 0.3250291942390035 0.4562769128850613 0.04281821720513818 0.03676714143756211
1 0.8890618917866874 0.5841338191454124 0.08174386920980926 0.05929115601192448
1 0.5628649279875438 0.46505465385889366 0.0903075126508369 0.07618416694269625
1 0.5554690541066563 0.40079496522027164 0.08252238224990269 0.06359721762172905
1 0.6068509147528222 0.37545544882411397 0.0653950953678474 0.05995362702881749
1 0.05702608018684313 0.4317654852600199 0.06967691708836123 0.055978800927459424
1 0.07843518878941222 0.28121894667108316 0.07901907356948229 0.06359721762172905
1 0.23102374464772285 0.3100364359059291 0.043207473725184894 0.06227227558794303
1 0.3156870377578824 0.181517058628685 0.06072401712728688 0.06624710168930109
1 0.720124562086415 0.24478304074196755 0.05683145192681977 0.05697250745279894
1 0.785325029194239 0.24759854256376285 0.06967691708836123 0.06591586618085458
1 0.8791358505254963 0.32278900298111957 0.0759050214091086 0.056641271944352437
1 0.9133904242896068 0.26896323285856244 0.11560918645387311 0.11858231202384896
1 0.2748151031529778 0.09622391520370983 0.064616582327754 0.050016561775422325
1 0.2870766835344492 0.04173567406425969 0.07668353444920202 0.08082146406094734