1 0.37533333333333335 0.245125 0.042666666666666665 0.05175
1 0.306 0.33025 0.05733333333333333 0.0435
0 0.32266666666666666 0.37025 0.06 0.0485
0 0.1595 0.38275 0.07366666666666667 0.042
1 0.38083333333333336 0.39675 0.05633333333333333 0.0415
1 0.347 0.42325 0.048666666666666664 0.0335
1 0.5761666666666667 0.380375 0.057 0.04025
1 0.21983333333333333 0.48975 0.06433333333333334 0.039
1 0.186 0.50675 0.05533333333333333 0.035
1 0.19333333333333333 0.546625 0.058666666666666666 0.04425
1 0.14733333333333334 0.563125 0.06 0.04225
1 0.09166666666666666 0.551375 0.07666666666666666 0.05425