0 0.5543811274509803 0.25183823529411764 0.08118872549019608 0.10580065359477124
0 0.6421568627450981 0.2252859477124183 0.09375 0.10988562091503268
0 0.6205575980392157 0.5471813725490197 0.10324754901960784 0.13684640522875818
0 0.4820772058823529 0.9146241830065359 0.09466911764705882 0.16666666666666666
1 0.6884191176470589 0.09272875816993464 0.052083333333333336 0.08088235294117647
1 0.3512561274509804 0.22589869281045752 0.05667892156862745 0.06781045751633986
1 0.4996936274509804 0.255718954248366 0.02696078431372549 0.04411764705882353
1 0.4094669117647059 0.38643790849673204 0.05422794117647059 0.06862745098039216
1 0.6957720588235294 0.4366830065359477 0.0428921568627451 0.0718954248366013
1 0.8224571078431373 0.3707107843137255 0.047487745098039214 0.05923202614379085
1 0.8606004901960784 0.3366013071895425 0.04840686274509804 0.06209150326797386
1 0.9319852941176471 0.3639705882352941 0.04534313725490196 0.06454248366013073
1 0.9033394607843137 0.41299019607843135 0.03952205882352941 0.049019607843137254
1 0.9492953431372549 0.650531045751634 0.04503676470588235 0.054330065359477125
1 0.8541666666666666 0.5014297385620915 0.027573529411764705 0.030637254901960783
1 0.9699754901960784 0.5553513071895425 0.06004901960784314 0.10988562091503268
1 0.7974877450980392 0.5988562091503268 0.05698529411764706 0.04656862745098039
1 0.7280943627450981 0.6738153594771242 0.06219362745098039 0.0755718954248366
1 0.7293198529411765 0.6029411764705882 0.06464460784313726 0.0784313725490196
1 0.7015931372549019 0.5712826797385621 0.05575980392156863 0.09926470588235294
1 0.5606617647058824 0.6229575163398693 0.04656862745098039 0.0727124183006536
1 0.4846813725490196 0.6754493464052288 0.058823529411764705 0.06740196078431372
1 0.49142156862745096 0.6311274509803921 0.037377450980392156 0.031862745098039214
1 0.4883578431372549 0.5774101307189542 0.06556372549019608 0.08129084967320262
1 0.31387867647058826 0.6501225490196079 0.05238970588235294 0.06413398692810457
1 0.28370098039215685 0.7616421568627451 0.051470588235294115 0.05841503267973856
1 0.45327818627450983 0.7916666666666666 0.06587009803921569 0.0857843137254902
1 0.3949142156862745 0.8325163398692811 0.0704656862745098 0.07107843137254902
1 0.3449754901960784 0.9178921568627451 0.06678921568627451 0.0988562091503268
1 0.6675857843137255 0.911968954248366 0.05575980392156863 0.06658496732026144
1 0.5608149509803921 0.9626225490196079 0.040747549019607844 0.0625
1 0.9013480392156863 0.8145424836601307 0.04718137254901961 0.06045751633986928
1 0.8331801470588235 0.9213643790849673 0.03952205882352941 0.05024509803921569
1 0.29534313725490197 0.9730392156862745 0.07475490196078431 0.05392156862745098