0 0.037 0.472 0.07333333333333333 0.0495
0 0.118 0.453375 0.078 0.04875
0 0.16316666666666665 0.587875 0.07366666666666667 0.04575
0 0.268 0.621625 0.06533333333333333 0.04225
0 0.44283333333333336 0.50475 0.06766666666666667 0.046
0 0.37916666666666665 0.530875 0.067 0.05475
1 0.15566666666666668 0.439125 0.036 0.02575
1 0.092 0.49175 0.072 0.046
1 0.2955 0.50025 0.03766666666666667 0.0305
1 0.5348333333333334 0.493625 0.04033333333333333 0.03025
0 0.346 0.614125 0.04666666666666667 0.03225
1 0.5473333333333333 0.67375 0.062 0.0475
1 0.671 0.500125 0.054 0.04275