0 0.5835 0.2675 0.097 0.074
0 0.1565 0.36825 0.07766666666666666 0.053
0 0.19266666666666668 0.3195 0.08133333333333333 0.065
1 0.10266666666666667 0.39025 0.06933333333333333 0.0505
1 0.5346666666666666 0.3135 0.058666666666666666 0.045
1 0.5186666666666667 0.274625 0.056666666666666664 0.04725
0 0.391 0.320125 0.078 0.04725
1 0.4876666666666667 0.245 0.054 0.034
1 0.3453333333333333 0.7065 0.06066666666666667 0.0505
1 0.36733333333333335 0.7505 0.050666666666666665 0.0385
1 0.13083333333333333 0.33125 0.063 0.05
1 0.688 0.312125 0.07933333333333334 0.06325
1 0.3945 0.677 0.079 0.047