0 0.3880208333333333 0.4309640522875817 0.04932598039215686 0.061274509803921566
0 0.3794424019607843 0.5684232026143791 0.040747549019607844 0.05759803921568627
0 0.608609068627451 0.6958741830065359 0.10814950980392157 0.20220588235294118
1 0.5557598039215687 0.20976307189542484 0.041666666666666664 0.05514705882352941
1 0.5635723039215687 0.26429738562091504 0.04381127450980392 0.05228758169934641
1 0.23667279411764705 0.5825163398692811 0.023590686274509803 0.0457516339869281
1 0.3043811274509804 0.7107843137254902 0.040747549019607844 0.05555555555555555
1 0.3567708333333333 0.6235702614379085 0.03952205882352941 0.05269607843137255
1 0.41605392156862747 0.6098856209150327 0.03125 0.03758169934640523
1 0.3681066176470588 0.48856209150326796 0.046262254901960786 0.06944444444444445
1 0.40487132352941174 0.48937908496732024 0.030330882352941176 0.042483660130718956
1 0.41237745098039214 0.5222630718954249 0.05392156862745098 0.061683006535947715
1 0.4253982843137255 0.5449346405228758 0.02849264705882353 0.02369281045751634
1 0.41390931372549017 0.5810866013071896 0.044730392156862746 0.046977124183006536
1 0.7824754901960784 0.48651960784313725 0.03799019607843137 0.05718954248366013
1 0.7801776960784313 0.5394199346405228 0.0389093137254902 0.04534313725490196
1 0.7634803921568627 0.5714869281045751 0.044730392156862746 0.03349673202614379
1 0.7608762254901961 0.6064133986928104 0.04136029411764706 0.04534313725490196
1 0.6930147058823529 0.6525735294117647 0.02696078431372549 0.037173202614379085
1 0.7112438725490197 0.684640522875817 0.04013480392156863 0.05065359477124183
1 0.8506433823529411 0.9707924836601307 0.04871323529411765 0.053513071895424834
1 0.43612132352941174 0.7448937908496732 0.043198529411764705 0.06004901960784314
1 0.37775735294117646 0.8118872549019608 0.0392156862745098 0.054330065359477125