0 0.25033333333333335 0.2615 0.06333333333333334 0.043
0 0.35983333333333334 0.289125 0.06233333333333333 0.04275
0 0.5606666666666666 0.676875 0.064 0.05375
0 0.43033333333333335 0.713875 0.078 0.08325
0 0.4575 0.777625 0.058333333333333334 0.05375
1 0.6176666666666667 0.257 0.05533333333333333 0.038
1 0.578 0.617375 0.050666666666666665 0.03425
1 0.5475 0.557125 0.053 0.04525
1 0.5786666666666667 0.576875 0.05333333333333334 0.04075
1 0.4345 0.5375 0.05366666666666667 0.0415
1 0.476 0.83325 0.06066666666666667 0.05
1 0.2771666666666667 0.7665 0.08233333333333333 0.063
0 0.07133333333333333 0.654125 0.06533333333333333 0.05975
0 0.23816666666666667 0.592875 0.091 0.04375