0 0.3074156746031746 0.3819444444444444 0.0597718253968254 0.07208994708994709
0 0.2728174603174603 0.47238756613756616 0.05505952380952381 0.07771164021164022
0 0.2569444444444444 0.6767526455026455 0.062003968253968256 0.08697089947089948
0 0.5770089285714286 0.5973875661375662 0.04538690476190476 0.06382275132275132
0 0.6238839285714286 0.5823412698412699 0.05233134920634921 0.08068783068783068
1 0.6884920634920635 0.16765873015873015 0.057539682539682536 0.06812169312169312
1 0.19109623015873015 0.36937830687830686 0.047867063492063495 0.052248677248677246
1 0.36706349206349204 0.41517857142857145 0.041666666666666664 0.05257936507936508
1 0.3230406746031746 0.6195436507936508 0.03993055555555555 0.04861111111111111
1 0.4539930555555556 0.6117724867724867 0.03794642857142857 0.05423280423280423
1 0.5234375 0.6127645502645502 0.03149801587301587 0.04034391534391534