1 0.8872950819672131 0.255568356374808 0.06864754098360656 0.06029185867895545
1 0.7815061475409836 0.7843701996927803 0.07120901639344263 0.06182795698924731
1 0.6708504098360656 0.9700460829493087 0.06711065573770492 0.05069124423963134
0 0.5532786885245902 0.16916282642089095 0.12704918032786885 0.0956221198156682
0 0.4613217213114754 0.47465437788018433 0.1244877049180328 0.0913978494623656
0 0.49334016393442626 0.5506912442396313 0.12807377049180327 0.09062980030721966
0 0.7000512295081968 0.581221198156682 0.12038934426229508 0.09101382488479262
0 0.4264856557377049 0.8175883256528418 0.1173155737704918 0.08448540706605223
1 0.5576331967213115 0.47465437788018433 0.056864754098360656 0.053763440860215055
1 0.47515368852459017 0.2903225806451613 0.12346311475409837 0.10368663594470046
1 0.35322745901639346 0.08102918586789555 0.1244877049180328 0.11213517665130568