0 0.5018382352941176 0.5118464052287581 0.13051470588235295 0.15931372549019607
1 0.5067401960784313 0.08680555555555555 0.028799019607843136 0.04534313725490196
1 0.5681678921568627 0.10947712418300654 0.04381127450980392 0.05555555555555555
1 0.26348039215686275 0.3347630718954248 0.052083333333333336 0.0690359477124183
1 0.4615502450980392 0.43361928104575165 0.04381127450980392 0.05269607843137255
1 0.5029105392156863 0.41973039215686275 0.0272671568627451 0.03308823529411765
1 0.4263174019607843 0.4795751633986928 0.050551470588235295 0.06862745098039216
1 0.42401960784313725 0.5861928104575164 0.05330882352941176 0.06372549019607843
1 0.28630514705882354 0.6341911764705882 0.04258578431372549 0.05923202614379085
1 0.6118259803921569 0.6793300653594772 0.04963235294117647 0.06781045751633986
1 0.5090379901960784 0.8312908496732027 0.05116421568627451 0.07352941176470588
1 0.6766237745098039 0.9305555555555556 0.05606617647058824 0.07107843137254902