0 0.6536458333333334 0.44505718954248363 0.06832107843137254 0.08700980392156862
0 0.5966605392156863 0.49836601307189543 0.08486519607843138 0.08986928104575163
0 0.5821078431372549 0.5723039215686274 0.07291666666666667 0.0988562091503268
0 0.5168504901960784 0.5520833333333334 0.07107843137254902 0.0821078431372549
0 0.47931985294117646 0.6160130718954249 0.07077205882352941 0.10130718954248366
0 0.7440257352941176 0.7720588235294118 0.09283088235294118 0.11356209150326797
0 0.7545955882352942 0.8631535947712419 0.09558823529411764 0.07924836601307189
0 0.7647058823529411 0.9473039215686274 0.12071078431372549 0.1053921568627451
1 0.32766544117647056 0.04779411764705882 0.03462009803921569 0.04738562091503268
1 0.36090686274509803 0.03533496732026144 0.041666666666666664 0.05759803921568627
1 0.8089767156862745 0.49264705882352944 0.06464460784313726 0.11029411764705882
1 0.8606004901960784 0.494281045751634 0.04350490196078431 0.07107843137254902
1 0.8895526960784313 0.5972222222222222 0.08547794117647059 0.11356209150326797
1 0.40808823529411764 0.8696895424836601 0.07107843137254902 0.08905228758169935