0 0.44494047619047616 0.8103505291005291 0.0496031746031746 0.06580687830687831
1 0.37884424603174605 0.8622685185185185 0.03695436507936508 0.06183862433862434
1 0.3851686507936508 0.8017526455026455 0.028273809523809524 0.03935185185185185
1 0.548859126984127 0.7096560846560847 0.023809523809523808 0.03968253968253968
1 0.5643601190476191 0.7318121693121693 0.023065476190476192 0.03505291005291005
1 0.5186011904761905 0.5398478835978836 0.031746031746031744 0.03736772486772487
1 0.5342261904761905 0.5152116402116402 0.03125 0.04365079365079365
1 0.2776537698412698 0.5426587301587301 0.04092261904761905 0.04497354497354497
1 0.22296626984126985 0.4148478835978836 0.04811507936507937 0.06183862433862434
1 0.6465773809523809 0.31398809523809523 0.03819444444444445 0.05324074074074074
1 0.5394345238095238 0.3419312169312169 0.03869047619047619 0.051587301587301584