0 0.35333333333333333 0.347 0.06866666666666667 0.0545
0 0.6848333333333333 0.73925 0.07366666666666667 0.0525
1 0.5778333333333333 0.678 0.04033333333333333 0.0385
1 0.477 0.67775 0.04066666666666666 0.0405
1 0.6576666666666666 0.7185 0.054 0.0455
1 0.47783333333333333 0.792875 0.06366666666666666 0.04525
1 0.1845 0.606375 0.042333333333333334 0.03175
1 0.114 0.54925 0.062 0.0405
1 0.23866666666666667 0.51425 0.072 0.042
1 0.7715 0.3585 0.04566666666666667 0.0275
1 0.4806666666666667 0.562625 0.03866666666666667 0.03025
1 0.5311666666666667 0.670875 0.057 0.04325
1 0.7748333333333334 0.44225 0.05566666666666667 0.048