0 0.03916666666666667 0.488125 0.06766666666666667 0.04325
0 0.422 0.609125 0.06866666666666667 0.04675
0 0.6183333333333333 0.72525 0.092 0.0555
0 0.5918333333333333 0.50225 0.06633333333333333 0.048
0 0.5938333333333333 0.419125 0.06966666666666667 0.05325
1 0.5853333333333334 0.676625 0.05533333333333333 0.04325
1 0.29733333333333334 0.353375 0.056 0.04725
1 0.661 0.433875 0.052 0.04025
1 0.6556666666666666 0.505375 0.056666666666666664 0.04725
1 0.49916666666666665 0.480375 0.051666666666666666 0.03675
1 0.2613333333333333 0.33125 0.06866666666666667 0.0505
1 0.4905 0.413875 0.07033333333333333 0.06075
1 0.5461666666666667 0.408625 0.052333333333333336 0.05125
1 0.38116666666666665 0.573625 0.07566666666666666 0.06375