0 0.7273333333333334 0.316875 0.06733333333333333 0.04975
0 0.371 0.294875 0.06866666666666667 0.05625
0 0.267 0.314625 0.06066666666666667 0.03975
0 0.12083333333333333 0.558375 0.079 0.05325
0 0.3785 0.6385 0.061 0.0525
0 0.7146666666666667 0.750875 0.08933333333333333 0.05075
0 0.6201666666666666 0.539 0.06566666666666666 0.0405
0 0.5158333333333334 0.372375 0.06966666666666667 0.03775
1 0.6555 0.75725 0.04033333333333333 0.0365
1 0.5078333333333334 0.70675 0.055 0.039
1 0.6968333333333333 0.649 0.04566666666666667 0.0345
1 0.7333333333333333 0.65975 0.04666666666666667 0.0315
1 0.4785 0.605875 0.041666666666666664 0.02775
1 0.6256666666666667 0.462125 0.037333333333333336 0.02725
1 0.6603333333333333 0.509875 0.076 0.04125
1 0.5161666666666667 0.47325 0.063 0.045
1 0.4146666666666667 0.396 0.058666666666666666 0.043
1 0.572 0.38825 0.06133333333333333 0.044
1 0.6221666666666666 0.3695 0.051 0.0475
1 0.7061666666666667 0.345125 0.03966666666666667 0.02825
1 0.6396666666666667 0.319375 0.028666666666666667 0.02375
1 0.509 0.332 0.05733333333333333 0.044
1 0.331 0.242625 0.05333333333333334 0.04075
1 0.28683333333333333 0.35225 0.06233333333333333 0.0345