0 0.46378968253968256 0.3716931216931217 0.10317460317460317 0.12896825396825398
0 0.39856150793650796 0.4699074074074074 0.0992063492063492 0.11177248677248677
0 0.31547619047619047 0.48048941798941797 0.07688492063492064 0.10582010582010581
0 0.42311507936507936 0.5707671957671958 0.0873015873015873 0.1130952380952381
0 0.6729910714285714 0.6800595238095238 0.08804563492063493 0.11011904761904762
1 0.2269345238095238 0.09391534391534391 0.08333333333333333 0.10515873015873016
1 0.20895337301587302 0.17642195767195767 0.04092261904761905 0.05191798941798942
1 0.36607142857142855 0.1463293650793651 0.06597222222222222 0.07771164021164022
1 0.3707837301587302 0.2339616402116402 0.07837301587301587 0.10416666666666667
1 0.3100198412698413 0.23032407407407407 0.05357142857142857 0.06117724867724868
1 0.1154513888888889 0.34837962962962965 0.07762896825396826 0.07043650793650794
1 0.050347222222222224 0.40658068783068785 0.08085317460317461 0.103505291005291
1 0.13194444444444445 0.4353505291005291 0.054563492063492064 0.05257936507936508
1 0.24131944444444445 0.5024801587301587 0.10416666666666667 0.14781746031746032
1 0.4322916666666667 0.6843584656084656 0.056051587301587304 0.07705026455026455
1 0.3671875 0.6625330687830688 0.08903769841269842 0.12202380952380952
1 0.521453373015873 0.6436838624338624 0.0845734126984127 0.10085978835978836
1 0.5075644841269841 0.5653108465608465 0.09697420634920635 0.11342592592592593
1 0.47346230158730157 0.519510582010582 0.06746031746031746 0.06944444444444445
1 0.7377232142857143 0.8888888888888888 0.12177579365079365 0.14484126984126985
1 0.6686507936507936 0.6048280423280423 0.06498015873015874 0.06349206349206349
1 0.6159474206349206 0.6453373015873016 0.03943452380952381 0.059854497354497355
1 0.6555059523809523 0.4851190476190476 0.06498015873015874 0.09788359788359788
1 0.6013144841269841 0.45717592592592593 0.0597718253968254 0.08564814814814815
1 0.703125 0.3698743386243386 0.06101190476190476 0.07572751322751323
1 0.753968253968254 0.38756613756613756 0.06001984126984127 0.0787037037037037
1 0.935515873015873 0.4312169312169312 0.09077380952380952 0.11904761904761904
1 0.5457589285714286 0.34341931216931215 0.0642361111111111 0.07705026455026455
1 0.029265873015873016 0.3017526455026455 0.05803571428571429 0.08564814814814815
1 0.5381944444444444 0.16964285714285715 0.07688492063492064 0.09788359788359788
1 0.6845238095238095 0.23792989417989419 0.07242063492063493 0.08498677248677249
1 0.7638888888888888 0.1896494708994709 0.0818452380952381 0.14781746031746032
1 0.9714781746031746 0.14203042328042328 0.05704365079365079 0.09358465608465609
1 0.9610615079365079 0.05572089947089947 0.04662698412698413 0.08300264550264551