0 0.1792534722222222 0.37008101851851855 0.0876736111111111 0.11053240740740741
0 0.5135633680555556 0.38093171296296297 0.10221354166666667 0.09751157407407407
0 0.4127604166666667 0.3797743055555556 0.0802951388888889 0.10387731481481481
0 0.2097439236111111 0.4596354166666667 0.07313368055555555 0.0876736111111111
0 0.2623697916666667 0.39048032407407407 0.08680555555555555 0.08246527777777778
0 0.4958767361111111 0.5244502314814815 0.06684027777777778 0.08015046296296297
0 0.2998046875 0.8084490740740741 0.07313368055555555 0.0931712962962963
0 0.4340277777777778 0.8272569444444444 0.05685763888888889 0.11805555555555555
0 0.7250434027777778 0.7993344907407407 0.07465277777777778 0.10271990740740741
0 0.404296875 0.4703414351851852 0.04600694444444445 0.0708912037037037
0 0.4485677083333333 0.4388020833333333 0.09244791666666667 0.08246527777777778